AUSTRIA,ENGLAND,FRANCE,GERMANY,ITALY,RUSSIA,TURKEY
dipnet,dipnet,dipnet,RL,pushover,dipnet,dipnet
name,state,orders,results,messages
S1901M,"{'timestamp': 1654638140873987, 'zobrist_hash': '1919110489198082658', 'note': '', 'name': 'S1901M', 'units': {'AUSTRIA': ['A BUD', 'A VIE', 'F TRI'], 'ENGLAND': ['F EDI', 'F LON', 'A LVP'], 'FRANCE': ['F BRE', 'A MAR', 'A PAR'], 'GERMANY': ['F KIE', 'A BER', 'A MUN'], 'ITALY': ['F NAP', 'A ROM', 'A VEN'], 'RUSSIA': ['A WAR', 'A MOS', 'F SEV', 'F STP/SC'], 'TURKEY': ['F ANK', 'A CON', 'A SMY']}, 'retreats': {'AUSTRIA': {}, 'ENGLAND': {}, 'FRANCE': {}, 'GERMANY': {}, 'ITALY': {}, 'RUSSIA': {}, 'TURKEY': {}}, 'centers': {'AUSTRIA': ['BUD', 'TRI', 'VIE'], 'ENGLAND': ['EDI', 'LON', 'LVP'], 'FRANCE': ['BRE', 'MAR', 'PAR'], 'GERMANY': ['BER', 'KIE', 'MUN'], 'ITALY': ['NAP', 'ROM', 'VEN'], 'RUSSIA': ['MOS', 'SEV', 'STP', 'WAR'], 'TURKEY': ['ANK', 'CON', 'SMY']}, 'homes': {'AUSTRIA': ['BUD', 'TRI', 'VIE'], 'ENGLAND': ['EDI', 'LON', 'LVP'], 'FRANCE': ['BRE', 'MAR', 'PAR'], 'GERMANY': ['BER', 'KIE', 'MUN'], 'ITALY': ['NAP', 'ROM', 'VEN'], 'RUSSIA': ['MOS', 'SEV', 'STP', 'WAR'], 'TURKEY': ['ANK', 'CON', 'SMY']}, 'influence': {'AUSTRIA': ['BUD', 'VIE', 'TRI'], 'ENGLAND': ['EDI', 'LON', 'LVP'], 'FRANCE': ['BRE', 'MAR', 'PAR'], 'GERMANY': ['KIE', 'BER', 'MUN'], 'ITALY': ['NAP', 'ROM', 'VEN'], 'RUSSIA': ['WAR', 'MOS', 'SEV', 'STP'], 'TURKEY': ['ANK', 'CON', 'SMY']}, 'civil_disorder': {'AUSTRIA': 0, 'ENGLAND': 0, 'FRANCE': 0, 'GERMANY': 0, 'ITALY': 0, 'RUSSIA': 0, 'TURKEY': 0}, 'builds': {'AUSTRIA': {'count': 0, 'homes': []}, 'ENGLAND': {'count': 0, 'homes': []}, 'FRANCE': {'count': 0, 'homes': []}, 'GERMANY': {'count': 0, 'homes': []}, 'ITALY': {'count': 0, 'homes': []}, 'RUSSIA': {'count': 0, 'homes': []}, 'TURKEY': {'count': 0, 'homes': []}}, 'game_id': 'Wtvk9s8R5yKQ-Ulr', 'map': 'standard', 'rules': ['POWER_CHOICE']}","{'AUSTRIA': ['A VIE - TRI', 'F TRI - ALB', 'A BUD - SER'], 'ENGLAND': ['F EDI - NTH', 'F LON - ENG', 'A LVP - YOR'], 'FRANCE': ['F BRE - MAO', 'A PAR - BUR', 'A MAR S A PAR - BUR'], 'GERMANY': ['F KIE - DEN', 'A MUN - RUH', 'A BER - KIE'], 'ITALY': ['F NAP H', 'A ROM - VEN', 'A VEN H'], 'RUSSIA': ['F STP/SC - BOT', 'A MOS - UKR', 'A WAR - GAL', 'F SEV - BLA'], 'TURKEY': ['F ANK - BLA', 'A SMY - CON', 'A CON - BUL']}","{'A BUD': [], 'A VIE': [], 'F TRI': [], 'F EDI': [], 'F LON': [], 'A LVP': [], 'F BRE': [], 'A MAR': [], 'A PAR': [], 'F KIE': [], 'A BER': [], 'A MUN': [], 'F NAP': [], 'A ROM': ['bounce'], 'A VEN': [], 'A WAR': [], 'A MOS': [], 'F SEV': ['bounce'], 'F STP/SC': [], 'F ANK': ['bounce'], 'A CON': [], 'A SMY': []}","[{'sender': 'GERMANY', 'recipient': 'AUSTRIA', 'time_sent': 1654638139257909, 'phase': 'S1901M', 'message': 'ORR (XDO (A BUD S A VIE)) (XDO (F TRI - VEN)) (XDO (A VIE S A VEN - TRI))'}, {'sender': 'GERMANY', 'recipient': 'ENGLAND', 'time_sent': 1654638139262363, 'phase': 'S1901M', 'message': 'ORR (XDO (F EDI - NWG)) (XDO (F LON - ENG)) (XDO (A LVP S F LON - WAL))'}, {'sender': 'GERMANY', 'recipient': 'FRANCE', 'time_sent': 1654638139266568, 'phase': 'S1901M', 'message': 'ORR (XDO (F BRE S A PAR - PIC)) (XDO (A MAR S F BRE - GAS)) (XDO (A PAR - BRE))'}, {'sender': 'GERMANY', 'recipient': 'ITALY', 'time_sent': 1654638139269450, 'phase': 'S1901M', 'message': 'ORR (XDO (F NAP H)) (XDO (A ROM - VEN)) (XDO (A VEN H))'}, {'sender': 'GERMANY', 'recipient': 'RUSSIA', 'time_sent': 1654638139272815, 'phase': 'S1901M', 'message': 'ORR (XDO (A MOS - UKR)) (XDO (F SEV S F ANK - ARM)) (XDO (F STP/SC - FIN)) (XDO (A WAR - MOS))'}, {'sender': 'GERMANY', 'recipient': 'TURKEY', 'time_sent': 1654638139276510, 'phase': 'S1901M', 'message': 'ORR (XDO (F ANK S F SEV - ARM)) (XDO (A CON - ANK)) (XDO (A SMY S F SEV - ARM))'}, {'sender': 'ITALY', 'recipient': 'GERMANY', 'time_sent': 1654638139276736, 'phase': 'S1901M', 'message': 'YES (ORR (XDO (F NAP H)) (XDO (A ROM - VEN)) (XDO (A VEN H)))'}]"
F1901M,"{'timestamp': 1654638142791419, 'zobrist_hash': '7670582886344293041', 'note': '', 'name': 'F1901M', 'units': {'AUSTRIA': ['A SER', 'A TRI', 'F ALB'], 'ENGLAND': ['F NTH', 'F ENG', 'A YOR'], 'FRANCE': ['A MAR', 'F MAO', 'A BUR'], 'GERMANY': ['F DEN', 'A KIE', 'A RUH'], 'ITALY': ['F NAP', 'A ROM', 'A VEN'], 'RUSSIA': ['F SEV', 'A GAL', 'A UKR', 'F BOT'], 'TURKEY': ['F ANK', 'A BUL', 'A CON']}, 'retreats': {'AUSTRIA': {}, 'ENGLAND': {}, 'FRANCE': {}, 'GERMANY': {}, 'ITALY': {}, 'RUSSIA': {}, 'TURKEY': {}}, 'centers': {'AUSTRIA': ['BUD', 'TRI', 'VIE'], 'ENGLAND': ['EDI', 'LON', 'LVP'], 'FRANCE': ['BRE', 'MAR', 'PAR'], 'GERMANY': ['BER', 'KIE', 'MUN'], 'ITALY': ['NAP', 'ROM', 'VEN'], 'RUSSIA': ['MOS', 'SEV', 'STP', 'WAR'], 'TURKEY': ['ANK', 'CON', 'SMY']}, 'homes': {'AUSTRIA': ['BUD', 'TRI', 'VIE'], 'ENGLAND': ['EDI', 'LON', 'LVP'], 'FRANCE': ['BRE', 'MAR', 'PAR'], 'GERMANY': ['BER', 'KIE', 'MUN'], 'ITALY': ['NAP', 'ROM', 'VEN'], 'RUSSIA': ['MOS', 'SEV', 'STP', 'WAR'], 'TURKEY': ['ANK', 'CON', 'SMY']}, 'influence': {'AUSTRIA': ['BUD', 'VIE', 'SER', 'TRI', 'ALB'], 'ENGLAND': ['EDI', 'LON', 'LVP', 'NTH', 'ENG', 'YOR'], 'FRANCE': ['BRE', 'MAR', 'PAR', 'MAO', 'BUR'], 'GERMANY': ['BER', 'MUN', 'DEN', 'KIE', 'RUH'], 'ITALY': ['NAP', 'ROM', 'VEN'], 'RUSSIA': ['WAR', 'MOS', 'SEV', 'STP', 'GAL', 'UKR', 'BOT'], 'TURKEY': ['ANK', 'SMY', 'BUL', 'CON']}, 'civil_disorder': {'AUSTRIA': 0, 'ENGLAND': 0, 'FRANCE': 0, 'GERMANY': 0, 'ITALY': 0, 'RUSSIA': 0, 'TURKEY': 0}, 'builds': {'AUSTRIA': {'count': 0, 'homes': []}, 'ENGLAND': {'count': 0, 'homes': []}, 'FRANCE': {'count': 0, 'homes': []}, 'GERMANY': {'count': 0, 'homes': []}, 'ITALY': {'count': 0, 'homes': []}, 'RUSSIA': {'count': 0, 'homes': []}, 'TURKEY': {'count': 0, 'homes': []}}, 'game_id': 'Wtvk9s8R5yKQ-Ulr', 'map': 'standard', 'rules': ['POWER_CHOICE']}","{'AUSTRIA': ['A TRI - BUD', 'F ALB - GRE', 'A SER S F ALB - GRE'], 'ENGLAND': ['A YOR - NWY VIA', 'F NTH C A YOR - NWY', 'F ENG - BRE'], 'FRANCE': ['F MAO - BRE', 'A BUR - MUN', 'A MAR - SPA'], 'GERMANY': ['F DEN H', 'A RUH - MUN', 'A KIE - HOL'], 'ITALY': ['F NAP H', 'A ROM S A VEN', 'A VEN - TYR'], 'RUSSIA': ['F BOT - SWE', 'F SEV - BLA', 'A UKR - RUM', 'A GAL - VIE'], 'TURKEY': ['F ANK - BLA', 'A BUL - GRE', 'A CON - BUL']}","{'A SER': [], 'A TRI': [], 'F ALB': [], 'F NTH': [], 'F ENG': ['bounce'], 'A YOR': [], 'A MAR': [], 'F MAO': ['bounce'], 'A BUR': ['bounce'], 'F DEN': [], 'A KIE': [], 'A RUH': ['bounce'], 'F NAP': [], 'A ROM': ['void'], 'A VEN': [], 'F SEV': ['bounce'], 'A GAL': [], 'A UKR': [], 'F BOT': [], 'F ANK': ['bounce'], 'A BUL': ['bounce'], 'A CON': ['bounce']}","[{'sender': 'GERMANY', 'recipient': 'AUSTRIA', 'time_sent': 1654638141165373, 'phase': 'F1901M', 'message': 'ORR (XDO (F ALB - ADR)) (XDO (A SER S F ALB - GRE)) (XDO (A TRI - TYR))'}, {'sender': 'GERMANY', 'recipient': 'ENGLAND', 'time_sent': 1654638141169663, 'phase': 'F1901M', 'message': 'ORR (XDO (F ENG - BRE)) (XDO (F NTH S A KIE - DEN)) (XDO (A YOR S F NTH - EDI))'}, {'sender': 'GERMANY', 'recipient': 'FRANCE', 'time_sent': 1654638141174610, 'phase': 'F1901M', 'message': 'ORR (XDO (A BUR H)) (XDO (F MAO S F ENG))'}, {'sender': 'GERMANY', 'recipient': 'ITALY', 'time_sent': 1654638141177635, 'phase': 'F1901M', 'message': 'ORR (XDO (F NAP H)) (XDO (A ROM S A VEN)) (XDO (A VEN - TYR))'}, {'sender': 'GERMANY', 'recipient': 'RUSSIA', 'time_sent': 1654638141183276, 'phase': 'F1901M', 'message': 'ORR (XDO (F BOT - LVN)) (XDO (A GAL - WAR)) (XDO (F SEV H)) (XDO (A UKR S F SEV))'}, {'sender': 'GERMANY', 'recipient': 'TURKEY', 'time_sent': 1654638141187431, 'phase': 'F1901M', 'message': 'ORR (XDO (F ANK H)) (XDO (A BUL S A SER - RUM)) (XDO (A CON - ANK))'}, {'sender': 'ITALY', 'recipient': 'GERMANY', 'time_sent': 1654638141187622, 'phase': 'F1901M', 'message': 'YES (ORR (XDO (F NAP H)) (XDO (A ROM S A VEN)) (XDO (A VEN - TYR)))'}]"
W1901A,"{'timestamp': 1654638144672411, 'zobrist_hash': '4998177044445846389', 'note': '', 'name': 'W1901A', 'units': {'AUSTRIA': ['A SER', 'A BUD', 'F GRE'], 'ENGLAND': ['F NTH', 'F ENG', 'A NWY'], 'FRANCE': ['F MAO', 'A BUR', 'A SPA'], 'GERMANY': ['F DEN', 'A RUH', 'A HOL'], 'ITALY': ['F NAP', 'A ROM', 'A TYR'], 'RUSSIA': ['F SEV', 'A VIE', 'A RUM', 'F SWE'], 'TURKEY': ['F ANK', 'A BUL', 'A CON']}, 'retreats': {'AUSTRIA': {}, 'ENGLAND': {}, 'FRANCE': {}, 'GERMANY': {}, 'ITALY': {}, 'RUSSIA': {}, 'TURKEY': {}}, 'centers': {'AUSTRIA': ['BUD', 'TRI', 'GRE', 'SER'], 'ENGLAND': ['EDI', 'LON', 'LVP', 'NWY'], 'FRANCE': ['BRE', 'MAR', 'PAR', 'SPA'], 'GERMANY': ['BER', 'KIE', 'MUN', 'DEN', 'HOL'], 'ITALY': ['NAP', 'ROM', 'VEN'], 'RUSSIA': ['MOS', 'SEV', 'STP', 'WAR', 'VIE', 'RUM', 'SWE'], 'TURKEY': ['ANK', 'CON', 'SMY', 'BUL']}, 'homes': {'AUSTRIA': ['BUD', 'TRI', 'VIE'], 'ENGLAND': ['EDI', 'LON', 'LVP'], 'FRANCE': ['BRE', 'MAR', 'PAR'], 'GERMANY': ['BER', 'KIE', 'MUN'], 'ITALY': ['NAP', 'ROM', 'VEN'], 'RUSSIA': ['MOS', 'SEV', 'STP', 'WAR'], 'TURKEY': ['ANK', 'CON', 'SMY']}, 'influence': {'AUSTRIA': ['SER', 'TRI', 'ALB', 'BUD', 'GRE'], 'ENGLAND': ['EDI', 'LON', 'LVP', 'NTH', 'ENG', 'YOR', 'NWY'], 'FRANCE': ['BRE', 'MAR', 'PAR', 'MAO', 'BUR', 'SPA'], 'GERMANY': ['BER', 'MUN', 'DEN', 'KIE', 'RUH', 'HOL'], 'ITALY': ['NAP', 'ROM', 'VEN', 'TYR'], 'RUSSIA': ['WAR', 'MOS', 'SEV', 'STP', 'GAL', 'UKR', 'BOT', 'VIE', 'RUM', 'SWE'], 'TURKEY': ['ANK', 'SMY', 'BUL', 'CON']}, 'civil_disorder': {'AUSTRIA': 0, 'ENGLAND': 0, 'FRANCE': 0, 'GERMANY': 0, 'ITALY': 0, 'RUSSIA': 0, 'TURKEY': 0}, 'builds': {'AUSTRIA': {'count': 1, 'homes': ['TRI']}, 'ENGLAND': {'count': 1, 'homes': ['EDI', 'LON', 'LVP']}, 'FRANCE': {'count': 1, 'homes': ['BRE', 'MAR', 'PAR']}, 'GERMANY': {'count': 2, 'homes': ['BER', 'KIE', 'MUN']}, 'ITALY': {'count': 0, 'homes': []}, 'RUSSIA': {'count': 3, 'homes': ['MOS', 'STP', 'WAR']}, 'TURKEY': {'count': 1, 'homes': ['SMY']}}, 'game_id': 'Wtvk9s8R5yKQ-Ulr', 'map': 'standard', 'rules': ['POWER_CHOICE']}","{'AUSTRIA': ['A TRI B'], 'ENGLAND': ['F LVP B'], 'FRANCE': ['F BRE B'], 'GERMANY': ['A MUN B', 'F BER B'], 'ITALY': [], 'RUSSIA': ['A STP B', 'A MOS B', 'A WAR B'], 'TURKEY': ['F SMY B']}","{'A TRI': [''], 'F LVP': [''], 'F BRE': [''], 'A MUN': [''], 'F BER': [''], 'F NAP': ['void'], 'A ROM': ['void'], 'A VEN': ['void'], 'A STP': [''], 'A MOS': [''], 'A WAR': [''], 'F SMY': ['']}",[]
S1902M,"{'timestamp': 1654638146620686, 'zobrist_hash': '102793530468823342', 'note': '', 'name': 'S1902M', 'units': {'AUSTRIA': ['A SER', 'A BUD', 'F GRE', 'A TRI'], 'ENGLAND': ['F NTH', 'F ENG', 'A NWY', 'F LVP'], 'FRANCE': ['F MAO', 'A BUR', 'A SPA', 'F BRE'], 'GERMANY': ['F DEN', 'A RUH', 'A HOL', 'A MUN', 'F BER'], 'ITALY': ['F NAP', 'A ROM', 'A TYR'], 'RUSSIA': ['F SEV', 'A VIE', 'A RUM', 'F SWE', 'A STP', 'A MOS', 'A WAR'], 'TURKEY': ['F ANK', 'A BUL', 'A CON', 'F SMY']}, 'retreats': {'AUSTRIA': {}, 'ENGLAND': {}, 'FRANCE': {}, 'GERMANY': {}, 'ITALY': {}, 'RUSSIA': {}, 'TURKEY': {}}, 'centers': {'AUSTRIA': ['BUD', 'TRI', 'GRE', 'SER'], 'ENGLAND': ['EDI', 'LON', 'LVP', 'NWY'], 'FRANCE': ['BRE', 'MAR', 'PAR', 'SPA'], 'GERMANY': ['BER', 'KIE', 'MUN', 'DEN', 'HOL'], 'ITALY': ['NAP', 'ROM', 'VEN'], 'RUSSIA': ['MOS', 'SEV', 'STP', 'WAR', 'VIE', 'RUM', 'SWE'], 'TURKEY': ['ANK', 'CON', 'SMY', 'BUL']}, 'homes': {'AUSTRIA': ['BUD', 'TRI', 'VIE'], 'ENGLAND': ['EDI', 'LON', 'LVP'], 'FRANCE': ['BRE', 'MAR', 'PAR'], 'GERMANY': ['BER', 'KIE', 'MUN'], 'ITALY': ['NAP', 'ROM', 'VEN'], 'RUSSIA': ['MOS', 'SEV', 'STP', 'WAR'], 'TURKEY': ['ANK', 'CON', 'SMY']}, 'influence': {'AUSTRIA': ['SER', 'TRI', 'ALB', 'BUD', 'GRE'], 'ENGLAND': ['EDI', 'LON', 'LVP', 'NTH', 'ENG', 'YOR', 'NWY'], 'FRANCE': ['BRE', 'MAR', 'PAR', 'MAO', 'BUR', 'SPA'], 'GERMANY': ['BER', 'MUN', 'DEN', 'KIE', 'RUH', 'HOL'], 'ITALY': ['NAP', 'ROM', 'VEN', 'TYR'], 'RUSSIA': ['WAR', 'MOS', 'SEV', 'STP', 'GAL', 'UKR', 'BOT', 'VIE', 'RUM', 'SWE'], 'TURKEY': ['ANK', 'SMY', 'BUL', 'CON']}, 'civil_disorder': {'AUSTRIA': 0, 'ENGLAND': 0, 'FRANCE': 0, 'GERMANY': 0, 'ITALY': 0, 'RUSSIA': 0, 'TURKEY': 0}, 'builds': {'AUSTRIA': {'count': 0, 'homes': []}, 'ENGLAND': {'count': 0, 'homes': []}, 'FRANCE': {'count': 0, 'homes': []}, 'GERMANY': {'count': 0, 'homes': []}, 'ITALY': {'count': 0, 'homes': []}, 'RUSSIA': {'count': 0, 'homes': []}, 'TURKEY': {'count': 0, 'homes': []}}, 'game_id': 'Wtvk9s8R5yKQ-Ulr', 'map': 'standard', 'rules': ['POWER_CHOICE']}","{'AUSTRIA': ['A TRI - VIE', 'F GRE - AEG', 'A BUD S A TRI - VIE', 'A SER S A BUD'], 'ENGLAND': ['F LVP - IRI', 'F NTH S F ENG', 'F ENG S F LVP - IRI', 'A NWY S F SWE'], 'FRANCE': ['F BRE - ENG', 'F MAO S F BRE - ENG', 'A BUR S A TYR - MUN', 'A SPA - GAS'], 'GERMANY': ['F DEN - SWE', 'A HOL - BEL', 'A RUH - BUR', 'A MUN S A RUH - BUR', 'F BER - BAL'], 'ITALY': ['F NAP S A ROM', 'A ROM H', 'A TYR S A RUH - MUN'], 'RUSSIA': ['F SWE S A STP - NWY', 'A STP - NWY', 'A MOS - UKR', 'A WAR - GAL', 'F SEV - BLA', 'A VIE S A RUM - BUD', 'A RUM - BUD'], 'TURKEY': ['F ANK - BLA', 'F SMY - AEG', 'A BUL - RUM', 'A CON - BUL']}","{'A SER': [], 'A BUD': ['cut'], 'F GRE': ['bounce'], 'A TRI': ['bounce'], 'F NTH': [], 'F ENG': ['cut'], 'A NWY': ['cut'], 'F LVP': [], 'F MAO': [], 'A BUR': ['void', 'dislodged'], 'A SPA': [], 'F BRE': ['bounce'], 'F DEN': ['bounce'], 'A RUH': [], 'A HOL': [], 'A MUN': [], 'F BER': [], 'F NAP': [], 'A ROM': [], 'A TYR': ['void'], 'F SEV': ['bounce'], 'A VIE': ['cut'], 'A RUM': ['bounce'], 'F SWE': ['cut'], 'A STP': ['bounce'], 'A MOS': [], 'A WAR': [], 'F ANK': ['bounce'], 'A BUL': ['bounce'], 'A CON': ['bounce'], 'F SMY': ['bounce']}","[{'sender': 'GERMANY', 'recipient': 'AUSTRIA', 'time_sent': 1654638144969636, 'phase': 'S1902M', 'message': 'ORR (XDO (A BUD S A TYR - VIE)) (XDO (F GRE S A TRI - ALB)) (XDO (A SER S F GRE - ALB)) (XDO (A TRI - TYR))'}, {'sender': 'GERMANY', 'recipient': 'ENGLAND', 'time_sent': 1654638144975557, 'phase': 'S1902M', 'message': 'ORR (XDO (F ENG - BRE)) (XDO (F LVP - CLY)) (XDO (F NTH S F SWE - SKA)) (XDO (A NWY - FIN))'}, {'sender': 'GERMANY', 'recipient': 'FRANCE', 'time_sent': 1654638144981984, 'phase': 'S1902M', 'message': 'ORR (XDO (F BRE S A HOL - GAS)) (XDO (F MAO S F ENG)) (XDO (A SPA - NAF VIA))'}, {'sender': 'GERMANY', 'recipient': 'ITALY', 'time_sent': 1654638144986526, 'phase': 'S1902M', 'message': 'ORR (XDO (F NAP S A ROM)) (XDO (A ROM H)) (XDO (A TYR S A RUH - MUN))'}, {'sender': 'GERMANY', 'recipient': 'RUSSIA', 'time_sent': 1654638144993945, 'phase': 'S1902M', 'message': 'ORR (XDO (A MOS - LVN)) (XDO (A RUM S F GRE - BUL)) (XDO (F SEV S A SER - RUM)) (XDO (A STP S A SPA - NWY)) (XDO (A VIE S A TYR - TRI)) (XDO (A WAR S A MOS - LVN))'}, {'sender': 'GERMANY', 'recipient': 'TURKEY', 'time_sent': 1654638144998443, 'phase': 'S1902M', 'message': 'ORR (XDO (F ANK S A BUL - CON)) (XDO (A BUL S A SER - RUM)) (XDO (A CON S F GRE - BUL/SC)) (XDO (F SMY - CON))'}, {'sender': 'ITALY', 'recipient': 'GERMANY', 'time_sent': 1654638144998646, 'phase': 'S1902M', 'message': 'YES (ORR (XDO (F NAP S A ROM)) (XDO (A ROM H)) (XDO (A TYR S A RUH - MUN)))'}]"
S1902R,"{'timestamp': 1654638147166882, 'zobrist_hash': '8484008434063599348', 'note': '', 'name': 'S1902R', 'units': {'AUSTRIA': ['A SER', 'A BUD', 'F GRE', 'A TRI'], 'ENGLAND': ['F NTH', 'F ENG', 'A NWY', 'F IRI'], 'FRANCE': ['F MAO', 'F BRE', 'A GAS', '*A BUR'], 'GERMANY': ['F DEN', 'A MUN', 'A BUR', 'A BEL', 'F BAL'], 'ITALY': ['F NAP', 'A ROM', 'A TYR'], 'RUSSIA': ['F SEV', 'A VIE', 'A RUM', 'F SWE', 'A STP', 'A UKR', 'A GAL'], 'TURKEY': ['F ANK', 'A BUL', 'A CON', 'F SMY']}, 'retreats': {'AUSTRIA': {}, 'ENGLAND': {}, 'FRANCE': {'A BUR': ['MAR', 'PAR', 'PIC']}, 'GERMANY': {}, 'ITALY': {}, 'RUSSIA': {}, 'TURKEY': {}}, 'centers': {'AUSTRIA': ['BUD', 'TRI', 'GRE', 'SER'], 'ENGLAND': ['EDI', 'LON', 'LVP', 'NWY'], 'FRANCE': ['BRE', 'MAR', 'PAR', 'SPA'], 'GERMANY': ['BER', 'KIE', 'MUN', 'DEN', 'HOL'], 'ITALY': ['NAP', 'ROM', 'VEN'], 'RUSSIA': ['MOS', 'SEV', 'STP', 'WAR', 'VIE', 'RUM', 'SWE'], 'TURKEY': ['ANK', 'CON', 'SMY', 'BUL']}, 'homes': {'AUSTRIA': ['BUD', 'TRI', 'VIE'], 'ENGLAND': ['EDI', 'LON', 'LVP'], 'FRANCE': ['BRE', 'MAR', 'PAR'], 'GERMANY': ['BER', 'KIE', 'MUN'], 'ITALY': ['NAP', 'ROM', 'VEN'], 'RUSSIA': ['MOS', 'SEV', 'STP', 'WAR'], 'TURKEY': ['ANK', 'CON', 'SMY']}, 'influence': {'AUSTRIA': ['SER', 'TRI', 'ALB', 'BUD', 'GRE'], 'ENGLAND': ['EDI', 'LON', 'LVP', 'NTH', 'ENG', 'YOR', 'NWY', 'IRI'], 'FRANCE': ['BRE', 'MAR', 'PAR', 'MAO', 'SPA', 'GAS'], 'GERMANY': ['BER', 'MUN', 'DEN', 'KIE', 'RUH', 'HOL', 'BUR', 'BEL', 'BAL'], 'ITALY': ['NAP', 'ROM', 'VEN', 'TYR'], 'RUSSIA': ['WAR', 'MOS', 'SEV', 'STP', 'BOT', 'VIE', 'RUM', 'SWE', 'UKR', 'GAL'], 'TURKEY': ['ANK', 'SMY', 'BUL', 'CON']}, 'civil_disorder': {'AUSTRIA': 0, 'ENGLAND': 0, 'FRANCE': 0, 'GERMANY': 0, 'ITALY': 0, 'RUSSIA': 0, 'TURKEY': 0}, 'builds': {'AUSTRIA': {'count': 0, 'homes': []}, 'ENGLAND': {'count': 0, 'homes': []}, 'FRANCE': {'count': 0, 'homes': []}, 'GERMANY': {'count': 0, 'homes': []}, 'ITALY': {'count': 0, 'homes': []}, 'RUSSIA': {'count': 0, 'homes': []}, 'TURKEY': {'count': 0, 'homes': []}}, 'game_id': 'Wtvk9s8R5yKQ-Ulr', 'map': 'standard', 'rules': ['POWER_CHOICE']}","{'AUSTRIA': [], 'ENGLAND': [], 'FRANCE': ['A BUR R PAR'], 'GERMANY': [], 'ITALY': [], 'RUSSIA': [], 'TURKEY': []}","{'A BUR': [], 'F NAP': ['void'], 'A ROM': ['void'], 'A TYR': ['void']}",[]
F1902M,"{'timestamp': 1654638149122982, 'zobrist_hash': '5821046901501460255', 'note': '', 'name': 'F1902M', 'units': {'AUSTRIA': ['A SER', 'A BUD', 'F GRE', 'A TRI'], 'ENGLAND': ['F NTH', 'F ENG', 'A NWY', 'F IRI'], 'FRANCE': ['F MAO', 'F BRE', 'A GAS', 'A PAR'], 'GERMANY': ['F DEN', 'A MUN', 'A BUR', 'A BEL', 'F BAL'], 'ITALY': ['F NAP', 'A ROM', 'A TYR'], 'RUSSIA': ['F SEV', 'A VIE', 'A RUM', 'F SWE', 'A STP', 'A UKR', 'A GAL'], 'TURKEY': ['F ANK', 'A BUL', 'A CON', 'F SMY']}, 'retreats': {'AUSTRIA': {}, 'ENGLAND': {}, 'FRANCE': {}, 'GERMANY': {}, 'ITALY': {}, 'RUSSIA': {}, 'TURKEY': {}}, 'centers': {'AUSTRIA': ['BUD', 'TRI', 'GRE', 'SER'], 'ENGLAND': ['EDI', 'LON', 'LVP', 'NWY'], 'FRANCE': ['BRE', 'MAR', 'PAR', 'SPA'], 'GERMANY': ['BER', 'KIE', 'MUN', 'DEN', 'HOL'], 'ITALY': ['NAP', 'ROM', 'VEN'], 'RUSSIA': ['MOS', 'SEV', 'STP', 'WAR', 'VIE', 'RUM', 'SWE'], 'TURKEY': ['ANK', 'CON', 'SMY', 'BUL']}, 'homes': {'AUSTRIA': ['BUD', 'TRI', 'VIE'], 'ENGLAND': ['EDI', 'LON', 'LVP'], 'FRANCE': ['BRE', 'MAR', 'PAR'], 'GERMANY': ['BER', 'KIE', 'MUN'], 'ITALY': ['NAP', 'ROM', 'VEN'], 'RUSSIA': ['MOS', 'SEV', 'STP', 'WAR'], 'TURKEY': ['ANK', 'CON', 'SMY']}, 'influence': {'AUSTRIA': ['SER', 'TRI', 'ALB', 'BUD', 'GRE'], 'ENGLAND': ['EDI', 'LON', 'LVP', 'NTH', 'ENG', 'YOR', 'NWY', 'IRI'], 'FRANCE': ['BRE', 'MAR', 'MAO', 'SPA', 'GAS', 'PAR'], 'GERMANY': ['BER', 'MUN', 'DEN', 'KIE', 'RUH', 'HOL', 'BUR', 'BEL', 'BAL'], 'ITALY': ['NAP', 'ROM', 'VEN', 'TYR'], 'RUSSIA': ['WAR', 'MOS', 'SEV', 'STP', 'BOT', 'VIE', 'RUM', 'SWE', 'UKR', 'GAL'], 'TURKEY': ['ANK', 'SMY', 'BUL', 'CON']}, 'civil_disorder': {'AUSTRIA': 0, 'ENGLAND': 0, 'FRANCE': 0, 'GERMANY': 0, 'ITALY': 0, 'RUSSIA': 0, 'TURKEY': 0}, 'builds': {'AUSTRIA': {'count': 0, 'homes': []}, 'ENGLAND': {'count': 0, 'homes': []}, 'FRANCE': {'count': 0, 'homes': []}, 'GERMANY': {'count': 0, 'homes': []}, 'ITALY': {'count': 0, 'homes': []}, 'RUSSIA': {'count': 0, 'homes': []}, 'TURKEY': {'count': 0, 'homes': []}}, 'game_id': 'Wtvk9s8R5yKQ-Ulr', 'map': 'standard', 'rules': ['POWER_CHOICE']}","{'AUSTRIA': ['A TRI - VIE', 'F GRE - BUL/SC', 'A BUD S A TRI - VIE', 'A SER S A BUD'], 'ENGLAND': ['F NTH S A NWY', 'F ENG S F IRI - MAO', 'F IRI - MAO', 'A NWY S F SWE'], 'FRANCE': ['F BRE - MAO', 'F MAO - POR', 'A GAS - MAR', 'A PAR - BRE'], 'GERMANY': ['A BEL H', 'F DEN S F BAL - SWE', 'A BUR - MAR', 'F BAL - SWE', 'A MUN H'], 'ITALY': ['F NAP S A ROM', 'A ROM - VEN', 'A TYR S A VIE - TRI'], 'RUSSIA': ['F SWE - NWY', 'A STP S F SWE - NWY', 'F SEV - BLA', 'A UKR - RUM', 'A GAL S A RUM - BUD', 'A VIE S A RUM - BUD', 'A RUM - BUD'], 'TURKEY': ['F ANK - BLA', 'F SMY - AEG', 'A BUL - RUM', 'A CON - BUL']}","{'A SER': [], 'A BUD': ['cut'], 'F GRE': ['bounce'], 'A TRI': ['bounce'], 'F NTH': [], 'F ENG': [], 'A NWY': ['void'], 'F IRI': [], 'F MAO': [], 'F BRE': ['bounce'], 'A GAS': ['bounce'], 'A PAR': ['bounce'], 'F DEN': [], 'A MUN': [], 'A BUR': ['bounce'], 'A BEL': [], 'F BAL': [], 'F NAP': ['void'], 'A ROM': [], 'A TYR': ['void'], 'F SEV': ['bounce'], 'A VIE': ['cut'], 'A RUM': ['bounce'], 'F SWE': ['bounce', 'dislodged'], 'A STP': [], 'A UKR': ['bounce'], 'A GAL': [], 'F ANK': ['bounce'], 'A BUL': ['bounce'], 'A CON': ['bounce'], 'F SMY': []}","[{'sender': 'GERMANY', 'recipient': 'AUSTRIA', 'time_sent': 1654638147469357, 'phase': 'F1902M', 'message': 'ORR (XDO (A BUD S A TRI - VIE)) (XDO (F GRE S A RUM - BUL)) (XDO (A SER - TRI)) (XDO (A TRI S A GAL - BUD))'}, {'sender': 'GERMANY', 'recipient': 'ENGLAND', 'time_sent': 1654638147475169, 'phase': 'F1902M', 'message': 'ORR (XDO (F ENG S F DEN - NTH)) (XDO (F IRI - WAL)) (XDO (F NTH S A GAS - LON)) (XDO (A NWY - POR VIA))'}, {'sender': 'GERMANY', 'recipient': 'FRANCE', 'time_sent': 1654638147481166, 'phase': 'F1902M', 'message': 'ORR (XDO (F BRE S A NWY - GAS)) (XDO (A GAS S A BUR - PAR)) (XDO (F MAO - POR)) (XDO (A PAR S A BEL - PIC))'}, {'sender': 'GERMANY', 'recipient': 'ITALY', 'time_sent': 1654638147486337, 'phase': 'F1902M', 'message': 'ORR (XDO (F NAP S A ROM)) (XDO (A ROM - VEN)) (XDO (A TYR S A VIE - TRI))'}, {'sender': 'GERMANY', 'recipient': 'RUSSIA', 'time_sent': 1654638147492546, 'phase': 'F1902M', 'message': 'ORR (XDO (A GAL S A TYR - BOH)) (XDO (A RUM S F GRE - BUL)) (XDO (F SEV S F ANK - ARM)) (XDO (A STP S A UKR - MOS)) (XDO (F SWE - BOT)) (XDO (A UKR S A STP - MOS)) (XDO (A VIE S A TYR))'}, {'sender': 'GERMANY', 'recipient': 'TURKEY', 'time_sent': 1654638147498251, 'phase': 'F1902M', 'message': 'ORR (XDO (F ANK - BLA)) (XDO (A BUL S A SER)) (XDO (A CON S F GRE - BUL/SC))'}, {'sender': 'ITALY', 'recipient': 'GERMANY', 'time_sent': 1654638147498488, 'phase': 'F1902M', 'message': 'YES (ORR (XDO (F NAP S A ROM)) (XDO (A ROM - VEN)) (XDO (A TYR S A VIE - TRI)))'}]"
F1902R,"{'timestamp': 1654638149674615, 'zobrist_hash': '2120416652310278751', 'note': '', 'name': 'F1902R', 'units': {'AUSTRIA': ['A SER', 'A BUD', 'F GRE', 'A TRI'], 'ENGLAND': ['F NTH', 'F ENG', 'A NWY', 'F MAO'], 'FRANCE': ['F BRE', 'A GAS', 'A PAR', 'F POR'], 'GERMANY': ['F DEN', 'A MUN', 'A BUR', 'A BEL', 'F SWE'], 'ITALY': ['F NAP', 'A TYR', 'A VEN'], 'RUSSIA': ['F SEV', 'A VIE', 'A RUM', 'A STP', 'A UKR', 'A GAL', '*F SWE'], 'TURKEY': ['F ANK', 'A BUL', 'A CON', 'F AEG']}, 'retreats': {'AUSTRIA': {}, 'ENGLAND': {}, 'FRANCE': {}, 'GERMANY': {}, 'ITALY': {}, 'RUSSIA': {'F SWE': ['BOT', 'FIN', 'SKA']}, 'TURKEY': {}}, 'centers': {'AUSTRIA': ['BUD', 'TRI', 'GRE', 'SER'], 'ENGLAND': ['EDI', 'LON', 'LVP', 'NWY'], 'FRANCE': ['BRE', 'MAR', 'PAR', 'SPA'], 'GERMANY': ['BER', 'KIE', 'MUN', 'DEN', 'HOL'], 'ITALY': ['NAP', 'ROM', 'VEN'], 'RUSSIA': ['MOS', 'SEV', 'STP', 'WAR', 'VIE', 'RUM', 'SWE'], 'TURKEY': ['ANK', 'CON', 'SMY', 'BUL']}, 'homes': {'AUSTRIA': ['BUD', 'TRI', 'VIE'], 'ENGLAND': ['EDI', 'LON', 'LVP'], 'FRANCE': ['BRE', 'MAR', 'PAR'], 'GERMANY': ['BER', 'KIE', 'MUN'], 'ITALY': ['NAP', 'ROM', 'VEN'], 'RUSSIA': ['MOS', 'SEV', 'STP', 'WAR'], 'TURKEY': ['ANK', 'CON', 'SMY']}, 'influence': {'AUSTRIA': ['SER', 'TRI', 'ALB', 'BUD', 'GRE'], 'ENGLAND': ['EDI', 'LON', 'LVP', 'NTH', 'ENG', 'YOR', 'NWY', 'IRI', 'MAO'], 'FRANCE': ['BRE', 'MAR', 'SPA', 'GAS', 'PAR', 'POR'], 'GERMANY': ['BER', 'MUN', 'DEN', 'KIE', 'RUH', 'HOL', 'BUR', 'BEL', 'BAL', 'SWE'], 'ITALY': ['NAP', 'ROM', 'TYR', 'VEN'], 'RUSSIA': ['WAR', 'MOS', 'SEV', 'STP', 'BOT', 'VIE', 'RUM', 'UKR', 'GAL'], 'TURKEY': ['ANK', 'SMY', 'BUL', 'CON', 'AEG']}, 'civil_disorder': {'AUSTRIA': 0, 'ENGLAND': 0, 'FRANCE': 0, 'GERMANY': 0, 'ITALY': 0, 'RUSSIA': 0, 'TURKEY': 0}, 'builds': {'AUSTRIA': {'count': 0, 'homes': []}, 'ENGLAND': {'count': 0, 'homes': []}, 'FRANCE': {'count': 0, 'homes': []}, 'GERMANY': {'count': 0, 'homes': []}, 'ITALY': {'count': 0, 'homes': []}, 'RUSSIA': {'count': 0, 'homes': []}, 'TURKEY': {'count': 0, 'homes': []}}, 'game_id': 'Wtvk9s8R5yKQ-Ulr', 'map': 'standard', 'rules': ['POWER_CHOICE']}","{'AUSTRIA': [], 'ENGLAND': [], 'FRANCE': [], 'GERMANY': [], 'ITALY': [], 'RUSSIA': ['F SWE D'], 'TURKEY': []}","{'F SWE': ['disband'], 'F NAP': ['void'], 'A ROM': ['void'], 'A TYR': ['void']}",[]
W1902A,"{'timestamp': 1654638150492930, 'zobrist_hash': '5104839278421760350', 'note': '', 'name': 'W1902A', 'units': {'AUSTRIA': ['A SER', 'A BUD', 'F GRE', 'A TRI'], 'ENGLAND': ['F NTH', 'F ENG', 'A NWY', 'F MAO'], 'FRANCE': ['F BRE', 'A GAS', 'A PAR', 'F POR'], 'GERMANY': ['F DEN', 'A MUN', 'A BUR', 'A BEL', 'F SWE'], 'ITALY': ['F NAP', 'A TYR', 'A VEN'], 'RUSSIA': ['F SEV', 'A VIE', 'A RUM', 'A STP', 'A UKR', 'A GAL'], 'TURKEY': ['F ANK', 'A BUL', 'A CON', 'F AEG']}, 'retreats': {'AUSTRIA': {}, 'ENGLAND': {}, 'FRANCE': {}, 'GERMANY': {}, 'ITALY': {}, 'RUSSIA': {}, 'TURKEY': {}}, 'centers': {'AUSTRIA': ['BUD', 'TRI', 'GRE', 'SER'], 'ENGLAND': ['EDI', 'LON', 'LVP', 'NWY'], 'FRANCE': ['BRE', 'MAR', 'PAR', 'SPA', 'POR'], 'GERMANY': ['BER', 'KIE', 'MUN', 'DEN', 'HOL', 'SWE', 'BEL'], 'ITALY': ['NAP', 'ROM', 'VEN'], 'RUSSIA': ['MOS', 'SEV', 'STP', 'WAR', 'VIE', 'RUM'], 'TURKEY': ['ANK', 'CON', 'SMY', 'BUL']}, 'homes': {'AUSTRIA': ['BUD', 'TRI', 'VIE'], 'ENGLAND': ['EDI', 'LON', 'LVP'], 'FRANCE': ['BRE', 'MAR', 'PAR'], 'GERMANY': ['BER', 'KIE', 'MUN'], 'ITALY': ['NAP', 'ROM', 'VEN'], 'RUSSIA': ['MOS', 'SEV', 'STP', 'WAR'], 'TURKEY': ['ANK', 'CON', 'SMY']}, 'influence': {'AUSTRIA': ['SER', 'TRI', 'ALB', 'BUD', 'GRE'], 'ENGLAND': ['EDI', 'LON', 'LVP', 'NTH', 'ENG', 'YOR', 'NWY', 'IRI', 'MAO'], 'FRANCE': ['BRE', 'MAR', 'SPA', 'GAS', 'PAR', 'POR'], 'GERMANY': ['BER', 'MUN', 'DEN', 'KIE', 'RUH', 'HOL', 'BUR', 'BEL', 'BAL', 'SWE'], 'ITALY': ['NAP', 'ROM', 'TYR', 'VEN'], 'RUSSIA': ['WAR', 'MOS', 'SEV', 'STP', 'BOT', 'VIE', 'RUM', 'UKR', 'GAL'], 'TURKEY': ['ANK', 'SMY', 'BUL', 'CON', 'AEG']}, 'civil_disorder': {'AUSTRIA': 0, 'ENGLAND': 0, 'FRANCE': 0, 'GERMANY': 0, 'ITALY': 0, 'RUSSIA': 0, 'TURKEY': 0}, 'builds': {'AUSTRIA': {'count': 0, 'homes': []}, 'ENGLAND': {'count': 0, 'homes': []}, 'FRANCE': {'count': 1, 'homes': ['MAR']}, 'GERMANY': {'count': 2, 'homes': ['BER', 'KIE']}, 'ITALY': {'count': 0, 'homes': []}, 'RUSSIA': {'count': 0, 'homes': []}, 'TURKEY': {'count': 0, 'homes': []}}, 'game_id': 'Wtvk9s8R5yKQ-Ulr', 'map': 'standard', 'rules': ['POWER_CHOICE']}","{'AUSTRIA': [], 'ENGLAND': [], 'FRANCE': ['A MAR B'], 'GERMANY': ['F KIE B', 'A BER B'], 'ITALY': [], 'RUSSIA': [], 'TURKEY': []}","{'A MAR': [''], 'F KIE': [''], 'A BER': [''], 'F NAP': ['void'], 'A ROM': ['void'], 'A TYR': ['void']}",[]
S1903M,"{'timestamp': 1654638152456734, 'zobrist_hash': '4913790411593074539', 'note': '', 'name': 'S1903M', 'units': {'AUSTRIA': ['A SER', 'A BUD', 'F GRE', 'A TRI'], 'ENGLAND': ['F NTH', 'F ENG', 'A NWY', 'F MAO'], 'FRANCE': ['F BRE', 'A GAS', 'A PAR', 'F POR', 'A MAR'], 'GERMANY': ['F DEN', 'A MUN', 'A BUR', 'A BEL', 'F SWE', 'F KIE', 'A BER'], 'ITALY': ['F NAP', 'A TYR', 'A VEN'], 'RUSSIA': ['F SEV', 'A VIE', 'A RUM', 'A STP', 'A UKR', 'A GAL'], 'TURKEY': ['F ANK', 'A BUL', 'A CON', 'F AEG']}, 'retreats': {'AUSTRIA': {}, 'ENGLAND': {}, 'FRANCE': {}, 'GERMANY': {}, 'ITALY': {}, 'RUSSIA': {}, 'TURKEY': {}}, 'centers': {'AUSTRIA': ['BUD', 'TRI', 'GRE', 'SER'], 'ENGLAND': ['EDI', 'LON', 'LVP', 'NWY'], 'FRANCE': ['BRE', 'MAR', 'PAR', 'SPA', 'POR'], 'GERMANY': ['BER', 'KIE', 'MUN', 'DEN', 'HOL', 'SWE', 'BEL'], 'ITALY': ['NAP', 'ROM', 'VEN'], 'RUSSIA': ['MOS', 'SEV', 'STP', 'WAR', 'VIE', 'RUM'], 'TURKEY': ['ANK', 'CON', 'SMY', 'BUL']}, 'homes': {'AUSTRIA': ['BUD', 'TRI', 'VIE'], 'ENGLAND': ['EDI', 'LON', 'LVP'], 'FRANCE': ['BRE', 'MAR', 'PAR'], 'GERMANY': ['BER', 'KIE', 'MUN'], 'ITALY': ['NAP', 'ROM', 'VEN'], 'RUSSIA': ['MOS', 'SEV', 'STP', 'WAR'], 'TURKEY': ['ANK', 'CON', 'SMY']}, 'influence': {'AUSTRIA': ['SER', 'TRI', 'ALB', 'BUD', 'GRE'], 'ENGLAND': ['EDI', 'LON', 'LVP', 'NTH', 'ENG', 'YOR', 'NWY', 'IRI', 'MAO'], 'FRANCE': ['BRE', 'MAR', 'SPA', 'GAS', 'PAR', 'POR'], 'GERMANY': ['BER', 'MUN', 'DEN', 'KIE', 'RUH', 'HOL', 'BUR', 'BEL', 'BAL', 'SWE'], 'ITALY': ['NAP', 'ROM', 'TYR', 'VEN'], 'RUSSIA': ['WAR', 'MOS', 'SEV', 'STP', 'BOT', 'VIE', 'RUM', 'UKR', 'GAL'], 'TURKEY': ['ANK', 'SMY', 'BUL', 'CON', 'AEG']}, 'civil_disorder': {'AUSTRIA': 0, 'ENGLAND': 0, 'FRANCE': 0, 'GERMANY': 0, 'ITALY': 0, 'RUSSIA': 0, 'TURKEY': 0}, 'builds': {'AUSTRIA': {'count': 0, 'homes': []}, 'ENGLAND': {'count': 0, 'homes': []}, 'FRANCE': {'count': 0, 'homes': []}, 'GERMANY': {'count': 0, 'homes': []}, 'ITALY': {'count': 0, 'homes': []}, 'RUSSIA': {'count': 0, 'homes': []}, 'TURKEY': {'count': 0, 'homes': []}}, 'game_id': 'Wtvk9s8R5yKQ-Ulr', 'map': 'standard', 'rules': ['POWER_CHOICE']}","{'AUSTRIA': ['A TRI - VIE', 'F GRE - BUL/SC', 'A BUD S A TRI - VIE', 'A SER S A BUD'], 'ENGLAND': ['F NTH S A NWY', 'F ENG S F MAO - BRE', 'A NWY S F SWE', 'F MAO - BRE'], 'FRANCE': ['F BRE S F POR - MAO', 'A GAS S F BRE', 'A PAR S A MAR - BUR', 'F POR - MAO', 'A MAR - BUR'], 'GERMANY': ['A BEL S A BUR', 'F DEN - SKA', 'A BUR S A BEL', 'F KIE - DEN', 'F SWE S F DEN - SKA', 'A MUN S A BUR', 'A BER - PRU'], 'ITALY': ['F NAP H', 'A TYR S A VIE - TRI', 'A VEN S A TRI'], 'RUSSIA': ['A STP S A NWY', 'F SEV - BLA', 'A UKR - RUM', 'A GAL S A RUM - BUD', 'A VIE S A RUM - BUD', 'A RUM - BUD'], 'TURKEY': ['F AEG S A BUL - GRE', 'F ANK - BLA', 'A BUL - GRE', 'A CON - BUL']}","{'A SER': [], 'A BUD': ['cut'], 'F GRE': ['bounce', 'dislodged'], 'A TRI': ['bounce'], 'F NTH': [], 'F ENG': [], 'A NWY': [], 'F MAO': ['bounce', 'dislodged'], 'F BRE': [], 'A GAS': [], 'A PAR': [], 'F POR': [], 'A MAR': ['bounce'], 'F DEN': [], 'A MUN': [], 'A BUR': ['cut'], 'A BEL': [], 'F SWE': [], 'F KIE': [], 'A BER': [], 'F NAP': [], 'A TYR': ['void'], 'A VEN': ['void'], 'F SEV': ['bounce'], 'A VIE': ['cut'], 'A RUM': ['bounce'], 'A STP': [], 'A UKR': ['bounce'], 'A GAL': [], 'F ANK': ['bounce'], 'A BUL': [], 'A CON': [], 'F AEG': []}","[{'sender': 'GERMANY', 'recipient': 'AUSTRIA', 'time_sent': 1654638150793361, 'phase': 'S1903M', 'message': 'ORR (XDO (A BUD S A TRI - VIE)) (XDO (F GRE S A TRI - ALB)) (XDO (A SER S A CON - GRE)) (XDO (A TRI S A GAL - BUD))'}, {'sender': 'GERMANY', 'recipient': 'ENGLAND', 'time_sent': 1654638150800442, 'phase': 'S1903M', 'message': 'ORR (XDO (F ENG C A GAS - HOL)) (XDO (F MAO S F POR - SPA)) (XDO (F NTH S F SWE - SKA))'}, {'sender': 'GERMANY', 'recipient': 'FRANCE', 'time_sent': 1654638150806904, 'phase': 'S1903M', 'message': 'ORR (XDO (F BRE S F ENG)) (XDO (A GAS S A BUR - PAR)) (XDO (A MAR S F POR - SPA/SC)) (XDO (A PAR - BUR)) (XDO (F POR S F BRE - MAO))'}, {'sender': 'GERMANY', 'recipient': 'ITALY', 'time_sent': 1654638150811628, 'phase': 'S1903M', 'message': 'ORR (XDO (F NAP H)) (XDO (A TYR S A VIE - TRI)) (XDO (A VEN S A TRI))'}, {'sender': 'GERMANY', 'recipient': 'RUSSIA', 'time_sent': 1654638150818718, 'phase': 'S1903M', 'message': 'ORR (XDO (A GAL S A TYR - BOH)) (XDO (A RUM S F GRE - BUL)) (XDO (F SEV S F ANK - ARM)) (XDO (A STP S A UKR - MOS)) (XDO (A UKR H)) (XDO (A VIE S A TYR - TRI))'}, {'sender': 'GERMANY', 'recipient': 'TURKEY', 'time_sent': 1654638150825236, 'phase': 'S1903M', 'message': 'ORR (XDO (F AEG S A SER - GRE)) (XDO (F ANK S A BUL - CON)) (XDO (A BUL S F ANK - CON)) (XDO (A CON S A SER - BUL))'}, {'sender': 'ITALY', 'recipient': 'GERMANY', 'time_sent': 1654638150825456, 'phase': 'S1903M', 'message': 'YES (ORR (XDO (F NAP H)) (XDO (A TYR S A VIE - TRI)) (XDO (A VEN S A TRI)))'}]"
S1903R,"{'timestamp': 1654638153274993, 'zobrist_hash': '1988181009373932241', 'note': '', 'name': 'S1903R', 'units': {'AUSTRIA': ['A SER', 'A BUD', 'A TRI', '*F GRE'], 'ENGLAND': ['F NTH', 'F ENG', 'A NWY', '*F MAO'], 'FRANCE': ['F BRE', 'A GAS', 'A PAR', 'A MAR', 'F MAO'], 'GERMANY': ['A MUN', 'A BUR', 'A BEL', 'F SWE', 'F SKA', 'F DEN', 'A PRU'], 'ITALY': ['F NAP', 'A TYR', 'A VEN'], 'RUSSIA': ['F SEV', 'A VIE', 'A RUM', 'A STP', 'A UKR', 'A GAL'], 'TURKEY': ['F ANK', 'F AEG', 'A GRE', 'A BUL']}, 'retreats': {'AUSTRIA': {'F GRE': ['ALB', 'ION']}, 'ENGLAND': {'F MAO': ['IRI', 'NAF', 'NAO', 'SPA/NC', 'SPA/SC', 'WES']}, 'FRANCE': {}, 'GERMANY': {}, 'ITALY': {}, 'RUSSIA': {}, 'TURKEY': {}}, 'centers': {'AUSTRIA': ['BUD', 'TRI', 'GRE', 'SER'], 'ENGLAND': ['EDI', 'LON', 'LVP', 'NWY'], 'FRANCE': ['BRE', 'MAR', 'PAR', 'SPA', 'POR'], 'GERMANY': ['BER', 'KIE', 'MUN', 'DEN', 'HOL', 'SWE', 'BEL'], 'ITALY': ['NAP', 'ROM', 'VEN'], 'RUSSIA': ['MOS', 'SEV', 'STP', 'WAR', 'VIE', 'RUM'], 'TURKEY': ['ANK', 'CON', 'SMY', 'BUL']}, 'homes': {'AUSTRIA': ['BUD', 'TRI', 'VIE'], 'ENGLAND': ['EDI', 'LON', 'LVP'], 'FRANCE': ['BRE', 'MAR', 'PAR'], 'GERMANY': ['BER', 'KIE', 'MUN'], 'ITALY': ['NAP', 'ROM', 'VEN'], 'RUSSIA': ['MOS', 'SEV', 'STP', 'WAR'], 'TURKEY': ['ANK', 'CON', 'SMY']}, 'influence': {'AUSTRIA': ['SER', 'TRI', 'ALB', 'BUD'], 'ENGLAND': ['EDI', 'LON', 'LVP', 'NTH', 'ENG', 'YOR', 'NWY', 'IRI'], 'FRANCE': ['BRE', 'MAR', 'SPA', 'GAS', 'PAR', 'POR', 'MAO'], 'GERMANY': ['BER', 'MUN', 'KIE', 'RUH', 'HOL', 'BUR', 'BEL', 'BAL', 'SWE', 'SKA', 'DEN', 'PRU'], 'ITALY': ['NAP', 'ROM', 'TYR', 'VEN'], 'RUSSIA': ['WAR', 'MOS', 'SEV', 'STP', 'BOT', 'VIE', 'RUM', 'UKR', 'GAL'], 'TURKEY': ['ANK', 'SMY', 'CON', 'AEG', 'GRE', 'BUL']}, 'civil_disorder': {'AUSTRIA': 0, 'ENGLAND': 0, 'FRANCE': 0, 'GERMANY': 0, 'ITALY': 0, 'RUSSIA': 0, 'TURKEY': 0}, 'builds': {'AUSTRIA': {'count': 0, 'homes': []}, 'ENGLAND': {'count': 0, 'homes': []}, 'FRANCE': {'count': 0, 'homes': []}, 'GERMANY': {'count': 0, 'homes': []}, 'ITALY': {'count': 0, 'homes': []}, 'RUSSIA': {'count': 0, 'homes': []}, 'TURKEY': {'count': 0, 'homes': []}}, 'game_id': 'Wtvk9s8R5yKQ-Ulr', 'map': 'standard', 'rules': ['POWER_CHOICE']}","{'AUSTRIA': ['F GRE R ION'], 'ENGLAND': ['F MAO R IRI'], 'FRANCE': [], 'GERMANY': [], 'ITALY': [], 'RUSSIA': [], 'TURKEY': []}","{'F GRE': [], 'F MAO': [], 'F NAP': ['void'], 'A TYR': ['void'], 'A VEN': ['void']}",[]
F1903M,"{'timestamp': 1654638155241049, 'zobrist_hash': '4036895521597632921', 'note': '', 'name': 'F1903M', 'units': {'AUSTRIA': ['A SER', 'A BUD', 'A TRI', 'F ION'], 'ENGLAND': ['F NTH', 'F ENG', 'A NWY', 'F IRI'], 'FRANCE': ['F BRE', 'A GAS', 'A PAR', 'A MAR', 'F MAO'], 'GERMANY': ['A MUN', 'A BUR', 'A BEL', 'F SWE', 'F SKA', 'F DEN', 'A PRU'], 'ITALY': ['F NAP', 'A TYR', 'A VEN'], 'RUSSIA': ['F SEV', 'A VIE', 'A RUM', 'A STP', 'A UKR', 'A GAL'], 'TURKEY': ['F ANK', 'F AEG', 'A GRE', 'A BUL']}, 'retreats': {'AUSTRIA': {}, 'ENGLAND': {}, 'FRANCE': {}, 'GERMANY': {}, 'ITALY': {}, 'RUSSIA': {}, 'TURKEY': {}}, 'centers': {'AUSTRIA': ['BUD', 'TRI', 'GRE', 'SER'], 'ENGLAND': ['EDI', 'LON', 'LVP', 'NWY'], 'FRANCE': ['BRE', 'MAR', 'PAR', 'SPA', 'POR'], 'GERMANY': ['BER', 'KIE', 'MUN', 'DEN', 'HOL', 'SWE', 'BEL'], 'ITALY': ['NAP', 'ROM', 'VEN'], 'RUSSIA': ['MOS', 'SEV', 'STP', 'WAR', 'VIE', 'RUM'], 'TURKEY': ['ANK', 'CON', 'SMY', 'BUL']}, 'homes': {'AUSTRIA': ['BUD', 'TRI', 'VIE'], 'ENGLAND': ['EDI', 'LON', 'LVP'], 'FRANCE': ['BRE', 'MAR', 'PAR'], 'GERMANY': ['BER', 'KIE', 'MUN'], 'ITALY': ['NAP', 'ROM', 'VEN'], 'RUSSIA': ['MOS', 'SEV', 'STP', 'WAR'], 'TURKEY': ['ANK', 'CON', 'SMY']}, 'influence': {'AUSTRIA': ['SER', 'TRI', 'ALB', 'BUD', 'ION'], 'ENGLAND': ['EDI', 'LON', 'LVP', 'NTH', 'ENG', 'YOR', 'NWY', 'IRI'], 'FRANCE': ['BRE', 'MAR', 'SPA', 'GAS', 'PAR', 'POR', 'MAO'], 'GERMANY': ['BER', 'MUN', 'KIE', 'RUH', 'HOL', 'BUR', 'BEL', 'BAL', 'SWE', 'SKA', 'DEN', 'PRU'], 'ITALY': ['NAP', 'ROM', 'TYR', 'VEN'], 'RUSSIA': ['WAR', 'MOS', 'SEV', 'STP', 'BOT', 'VIE', 'RUM', 'UKR', 'GAL'], 'TURKEY': ['ANK', 'SMY', 'CON', 'AEG', 'GRE', 'BUL']}, 'civil_disorder': {'AUSTRIA': 0, 'ENGLAND': 0, 'FRANCE': 0, 'GERMANY': 0, 'ITALY': 0, 'RUSSIA': 0, 'TURKEY': 0}, 'builds': {'AUSTRIA': {'count': 0, 'homes': []}, 'ENGLAND': {'count': 0, 'homes': []}, 'FRANCE': {'count': 0, 'homes': []}, 'GERMANY': {'count': 0, 'homes': []}, 'ITALY': {'count': 0, 'homes': []}, 'RUSSIA': {'count': 0, 'homes': []}, 'TURKEY': {'count': 0, 'homes': []}}, 'game_id': 'Wtvk9s8R5yKQ-Ulr', 'map': 'standard', 'rules': ['POWER_CHOICE']}","{'AUSTRIA': ['F ION - TUN', 'A TRI - VIE', 'A BUD S A TRI - VIE', 'A SER S A BUD'], 'ENGLAND': ['F NTH S A NWY', 'F ENG S F IRI - MAO', 'F IRI - MAO', 'A NWY S A STP'], 'FRANCE': ['F BRE S F MAO', 'F MAO S F BRE', 'A GAS - BUR', 'A PAR S A GAS - BUR', 'A MAR S A GAS - BUR'], 'GERMANY': ['A BEL - HOL', 'F DEN - NTH', 'F SKA - NWY', 'A BUR - BEL', 'F SWE S F SKA - NWY', 'A MUN - BUR', 'A PRU - LVN'], 'ITALY': ['F NAP S A BUL - APU', 'A TYR S A VEN', 'A VEN S A SER - TRI'], 'RUSSIA': ['A STP S A NWY', 'F SEV - BLA', 'A UKR - WAR', 'A GAL - BUD', 'A VIE S A GAL - BUD', 'A RUM S A GAL - BUD'], 'TURKEY': ['F AEG - ION', 'A GRE S A BUL - SER', 'F ANK - BLA', 'A BUL - SER']}","{'A SER': ['cut', 'dislodged'], 'A BUD': ['cut', 'dislodged'], 'A TRI': ['bounce'], 'F ION': [], 'F NTH': ['cut'], 'F ENG': [], 'A NWY': ['cut'], 'F IRI': ['bounce'], 'F BRE': [], 'A GAS': [], 'A PAR': [], 'A MAR': [], 'F MAO': ['cut'], 'A MUN': ['bounce'], 'A BUR': [], 'A BEL': [], 'F SWE': [], 'F SKA': ['bounce'], 'F DEN': ['bounce'], 'A PRU': [], 'F NAP': ['void'], 'A TYR': [], 'A VEN': ['void'], 'F SEV': ['bounce'], 'A VIE': ['cut'], 'A RUM': [], 'A STP': [], 'A UKR': [], 'A GAL': [], 'F ANK': ['bounce'], 'F AEG': [], 'A GRE': [], 'A BUL': []}","[{'sender': 'GERMANY', 'recipient': 'AUSTRIA', 'time_sent': 1654638153578256, 'phase': 'F1903M', 'message': 'ORR (XDO (A BUD S A TYR - VIE)) (XDO (F ION C A BUL - NAP)) (XDO (A SER S A BUL - ALB)) (XDO (A TRI S A VEN))'}, {'sender': 'GERMANY', 'recipient': 'ENGLAND', 'time_sent': 1654638153583558, 'phase': 'F1903M', 'message': 'ORR (XDO (F ENG S F DEN - NTH)) (XDO (F IRI S A GAS - WAL)) (XDO (F NTH S F SWE - SKA)) (XDO (A NWY - POR VIA))'}, {'sender': 'GERMANY', 'recipient': 'FRANCE', 'time_sent': 1654638153589933, 'phase': 'F1903M', 'message': 'ORR (XDO (F BRE S F IRI - MAO)) (XDO (A GAS S A NWY - BRE)) (XDO (F MAO C A GAS - SPA)) (XDO (A MAR S F BRE - GAS)) (XDO (A PAR - BUR))'}, {'sender': 'GERMANY', 'recipient': 'ITALY', 'time_sent': 1654638153596995, 'phase': 'F1903M', 'message': 'ORR (XDO (F NAP S A BUL - APU)) (XDO (A TYR S A VEN)) (XDO (A VEN S A SER - TRI))'}, {'sender': 'GERMANY', 'recipient': 'RUSSIA', 'time_sent': 1654638153603330, 'phase': 'F1903M', 'message': 'ORR (XDO (A GAL S A TYR - BOH)) (XDO (A RUM S A SER - BUD)) (XDO (F SEV S A SER - RUM)) (XDO (A STP - NWY)) (XDO (A UKR S A STP - MOS)) (XDO (A VIE S A TYR))'}, {'sender': 'GERMANY', 'recipient': 'TURKEY', 'time_sent': 1654638153609845, 'phase': 'F1903M', 'message': 'ORR (XDO (F AEG S A SER - GRE)) (XDO (F ANK - BLA)) (XDO (A BUL - SMY VIA)) (XDO (A GRE S A BUL - SER))'}, {'sender': 'ITALY', 'recipient': 'GERMANY', 'time_sent': 1654638153610034, 'phase': 'F1903M', 'message': 'YES (ORR (XDO (F NAP S A BUL - APU)) (XDO (A TYR S A VEN)) (XDO (A VEN S A SER - TRI)))'}]"
F1903R,"{'timestamp': 1654638155784914, 'zobrist_hash': '5830824043564800239', 'note': '', 'name': 'F1903R', 'units': {'AUSTRIA': ['A TRI', 'F TUN', '*A SER'], 'ENGLAND': ['F NTH', 'F ENG', 'A NWY', 'F IRI'], 'FRANCE': ['F BRE', 'A PAR', 'A MAR', 'F MAO', 'A BUR'], 'GERMANY': ['A MUN', 'F SWE', 'F SKA', 'F DEN', 'A BEL', 'A HOL', 'A LVN'], 'ITALY': ['F NAP', 'A TYR', 'A VEN'], 'RUSSIA': ['F SEV', 'A VIE', 'A RUM', 'A STP', 'A WAR', 'A BUD'], 'TURKEY': ['F ANK', 'A GRE', 'F ION', 'A SER']}, 'retreats': {'AUSTRIA': {'A SER': ['ALB']}, 'ENGLAND': {}, 'FRANCE': {}, 'GERMANY': {}, 'ITALY': {}, 'RUSSIA': {}, 'TURKEY': {}}, 'centers': {'AUSTRIA': ['BUD', 'TRI', 'GRE', 'SER'], 'ENGLAND': ['EDI', 'LON', 'LVP', 'NWY'], 'FRANCE': ['BRE', 'MAR', 'PAR', 'SPA', 'POR'], 'GERMANY': ['BER', 'KIE', 'MUN', 'DEN', 'HOL', 'SWE', 'BEL'], 'ITALY': ['NAP', 'ROM', 'VEN'], 'RUSSIA': ['MOS', 'SEV', 'STP', 'WAR', 'VIE', 'RUM'], 'TURKEY': ['ANK', 'CON', 'SMY', 'BUL']}, 'homes': {'AUSTRIA': ['BUD', 'TRI', 'VIE'], 'ENGLAND': ['EDI', 'LON', 'LVP'], 'FRANCE': ['BRE', 'MAR', 'PAR'], 'GERMANY': ['BER', 'KIE', 'MUN'], 'ITALY': ['NAP', 'ROM', 'VEN'], 'RUSSIA': ['MOS', 'SEV', 'STP', 'WAR'], 'TURKEY': ['ANK', 'CON', 'SMY']}, 'influence': {'AUSTRIA': ['TRI', 'ALB', 'TUN'], 'ENGLAND': ['EDI', 'LON', 'LVP', 'NTH', 'ENG', 'YOR', 'NWY', 'IRI'], 'FRANCE': ['BRE', 'MAR', 'SPA', 'GAS', 'PAR', 'POR', 'MAO', 'BUR'], 'GERMANY': ['BER', 'MUN', 'KIE', 'RUH', 'BAL', 'SWE', 'SKA', 'DEN', 'PRU', 'BEL', 'HOL', 'LVN'], 'ITALY': ['NAP', 'ROM', 'TYR', 'VEN'], 'RUSSIA': ['MOS', 'SEV', 'STP', 'BOT', 'VIE', 'RUM', 'UKR', 'GAL', 'WAR', 'BUD'], 'TURKEY': ['ANK', 'SMY', 'CON', 'AEG', 'GRE', 'BUL', 'ION', 'SER']}, 'civil_disorder': {'AUSTRIA': 0, 'ENGLAND': 0, 'FRANCE': 0, 'GERMANY': 0, 'ITALY': 0, 'RUSSIA': 0, 'TURKEY': 0}, 'builds': {'AUSTRIA': {'count': 0, 'homes': []}, 'ENGLAND': {'count': 0, 'homes': []}, 'FRANCE': {'count': 0, 'homes': []}, 'GERMANY': {'count': 0, 'homes': []}, 'ITALY': {'count': 0, 'homes': []}, 'RUSSIA': {'count': 0, 'homes': []}, 'TURKEY': {'count': 0, 'homes': []}}, 'game_id': 'Wtvk9s8R5yKQ-Ulr', 'map': 'standard', 'rules': ['POWER_CHOICE']}","{'AUSTRIA': ['A SER R ALB'], 'ENGLAND': [], 'FRANCE': [], 'GERMANY': [], 'ITALY': [], 'RUSSIA': [], 'TURKEY': []}","{'A SER': [], 'F NAP': ['void'], 'A TYR': ['void'], 'A VEN': ['void'], 'A BUD': ['disband']}",[]
W1903A,"{'timestamp': 1654638156866488, 'zobrist_hash': '7414924375766730934', 'note': '', 'name': 'W1903A', 'units': {'AUSTRIA': ['A TRI', 'F TUN', 'A ALB'], 'ENGLAND': ['F NTH', 'F ENG', 'A NWY', 'F IRI'], 'FRANCE': ['F BRE', 'A PAR', 'A MAR', 'F MAO', 'A BUR'], 'GERMANY': ['A MUN', 'F SWE', 'F SKA', 'F DEN', 'A BEL', 'A HOL', 'A LVN'], 'ITALY': ['F NAP', 'A TYR', 'A VEN'], 'RUSSIA': ['F SEV', 'A VIE', 'A RUM', 'A STP', 'A WAR', 'A BUD'], 'TURKEY': ['F ANK', 'A GRE', 'F ION', 'A SER']}, 'retreats': {'AUSTRIA': {}, 'ENGLAND': {}, 'FRANCE': {}, 'GERMANY': {}, 'ITALY': {}, 'RUSSIA': {}, 'TURKEY': {}}, 'centers': {'AUSTRIA': ['TRI', 'TUN'], 'ENGLAND': ['EDI', 'LON', 'LVP', 'NWY'], 'FRANCE': ['BRE', 'MAR', 'PAR', 'SPA', 'POR'], 'GERMANY': ['BER', 'KIE', 'MUN', 'DEN', 'HOL', 'SWE', 'BEL'], 'ITALY': ['NAP', 'ROM', 'VEN'], 'RUSSIA': ['MOS', 'SEV', 'STP', 'WAR', 'VIE', 'RUM', 'BUD'], 'TURKEY': ['ANK', 'CON', 'SMY', 'BUL', 'GRE', 'SER']}, 'homes': {'AUSTRIA': ['BUD', 'TRI', 'VIE'], 'ENGLAND': ['EDI', 'LON', 'LVP'], 'FRANCE': ['BRE', 'MAR', 'PAR'], 'GERMANY': ['BER', 'KIE', 'MUN'], 'ITALY': ['NAP', 'ROM', 'VEN'], 'RUSSIA': ['MOS', 'SEV', 'STP', 'WAR'], 'TURKEY': ['ANK', 'CON', 'SMY']}, 'influence': {'AUSTRIA': ['TRI', 'TUN', 'ALB'], 'ENGLAND': ['EDI', 'LON', 'LVP', 'NTH', 'ENG', 'YOR', 'NWY', 'IRI'], 'FRANCE': ['BRE', 'MAR', 'SPA', 'GAS', 'PAR', 'POR', 'MAO', 'BUR'], 'GERMANY': ['BER', 'MUN', 'KIE', 'RUH', 'BAL', 'SWE', 'SKA', 'DEN', 'PRU', 'BEL', 'HOL', 'LVN'], 'ITALY': ['NAP', 'ROM', 'TYR', 'VEN'], 'RUSSIA': ['MOS', 'SEV', 'STP', 'BOT', 'VIE', 'RUM', 'UKR', 'GAL', 'WAR', 'BUD'], 'TURKEY': ['ANK', 'SMY', 'CON', 'AEG', 'GRE', 'BUL', 'ION', 'SER']}, 'civil_disorder': {'AUSTRIA': 0, 'ENGLAND': 0, 'FRANCE': 0, 'GERMANY': 0, 'ITALY': 0, 'RUSSIA': 0, 'TURKEY': 0}, 'builds': {'AUSTRIA': {'count': -1, 'homes': []}, 'ENGLAND': {'count': 0, 'homes': []}, 'FRANCE': {'count': 0, 'homes': []}, 'GERMANY': {'count': 0, 'homes': []}, 'ITALY': {'count': 0, 'homes': []}, 'RUSSIA': {'count': 1, 'homes': ['MOS']}, 'TURKEY': {'count': 2, 'homes': ['CON', 'SMY']}}, 'game_id': 'Wtvk9s8R5yKQ-Ulr', 'map': 'standard', 'rules': ['POWER_CHOICE']}","{'AUSTRIA': ['A TRI D'], 'ENGLAND': [], 'FRANCE': [], 'GERMANY': [], 'ITALY': [], 'RUSSIA': ['A MOS B'], 'TURKEY': ['F SMY B', 'A CON B']}","{'A TRI': [''], 'F NAP': ['void'], 'A TYR': ['void'], 'A VEN': ['void'], 'A MOS': [''], 'F SMY': [''], 'A CON': ['']}",[]
S1904M,"{'timestamp': 1654638158824731, 'zobrist_hash': '3829761161840702941', 'note': '', 'name': 'S1904M', 'units': {'AUSTRIA': ['F TUN', 'A ALB'], 'ENGLAND': ['F NTH', 'F ENG', 'A NWY', 'F IRI'], 'FRANCE': ['F BRE', 'A PAR', 'A MAR', 'F MAO', 'A BUR'], 'GERMANY': ['A MUN', 'F SWE', 'F SKA', 'F DEN', 'A BEL', 'A HOL', 'A LVN'], 'ITALY': ['F NAP', 'A TYR', 'A VEN'], 'RUSSIA': ['F SEV', 'A VIE', 'A RUM', 'A STP', 'A WAR', 'A BUD', 'A MOS'], 'TURKEY': ['F ANK', 'A GRE', 'F ION', 'A SER', 'F SMY', 'A CON']}, 'retreats': {'AUSTRIA': {}, 'ENGLAND': {}, 'FRANCE': {}, 'GERMANY': {}, 'ITALY': {}, 'RUSSIA': {}, 'TURKEY': {}}, 'centers': {'AUSTRIA': ['TRI', 'TUN'], 'ENGLAND': ['EDI', 'LON', 'LVP', 'NWY'], 'FRANCE': ['BRE', 'MAR', 'PAR', 'SPA', 'POR'], 'GERMANY': ['BER', 'KIE', 'MUN', 'DEN', 'HOL', 'SWE', 'BEL'], 'ITALY': ['NAP', 'ROM', 'VEN'], 'RUSSIA': ['MOS', 'SEV', 'STP', 'WAR', 'VIE', 'RUM', 'BUD'], 'TURKEY': ['ANK', 'CON', 'SMY', 'BUL', 'GRE', 'SER']}, 'homes': {'AUSTRIA': ['BUD', 'TRI', 'VIE'], 'ENGLAND': ['EDI', 'LON', 'LVP'], 'FRANCE': ['BRE', 'MAR', 'PAR'], 'GERMANY': ['BER', 'KIE', 'MUN'], 'ITALY': ['NAP', 'ROM', 'VEN'], 'RUSSIA': ['MOS', 'SEV', 'STP', 'WAR'], 'TURKEY': ['ANK', 'CON', 'SMY']}, 'influence': {'AUSTRIA': ['TRI', 'TUN', 'ALB'], 'ENGLAND': ['EDI', 'LON', 'LVP', 'NTH', 'ENG', 'YOR', 'NWY', 'IRI'], 'FRANCE': ['BRE', 'MAR', 'SPA', 'GAS', 'PAR', 'POR', 'MAO', 'BUR'], 'GERMANY': ['BER', 'MUN', 'KIE', 'RUH', 'BAL', 'SWE', 'SKA', 'DEN', 'PRU', 'BEL', 'HOL', 'LVN'], 'ITALY': ['NAP', 'ROM', 'TYR', 'VEN'], 'RUSSIA': ['MOS', 'SEV', 'STP', 'BOT', 'VIE', 'RUM', 'UKR', 'GAL', 'WAR', 'BUD'], 'TURKEY': ['ANK', 'SMY', 'CON', 'AEG', 'GRE', 'BUL', 'ION', 'SER']}, 'civil_disorder': {'AUSTRIA': 0, 'ENGLAND': 0, 'FRANCE': 0, 'GERMANY': 0, 'ITALY': 0, 'RUSSIA': 0, 'TURKEY': 0}, 'builds': {'AUSTRIA': {'count': 0, 'homes': []}, 'ENGLAND': {'count': 0, 'homes': []}, 'FRANCE': {'count': 0, 'homes': []}, 'GERMANY': {'count': 0, 'homes': []}, 'ITALY': {'count': 0, 'homes': []}, 'RUSSIA': {'count': 0, 'homes': []}, 'TURKEY': {'count': 0, 'homes': []}}, 'game_id': 'Wtvk9s8R5yKQ-Ulr', 'map': 'standard', 'rules': ['POWER_CHOICE']}","{'AUSTRIA': ['F TUN - TYS', 'A ALB - TRI'], 'ENGLAND': ['F NTH S A NWY', 'F ENG S F NTH', 'F IRI S F ENG', 'A NWY S A STP'], 'FRANCE': ['F BRE S F MAO', 'F MAO S F BRE', 'A BUR - RUH', 'A PAR - BUR', 'A MAR S A PAR - BUR'], 'GERMANY': ['A BEL - RUH', 'F DEN - NTH', 'A HOL - KIE', 'F SKA S F DEN - NTH', 'F SWE - NWY', 'A MUN S A BEL - RUH', 'A LVN - STP'], 'ITALY': ['F NAP H', 'A TYR S A VEN', 'A VEN S A MUN - TYR'], 'RUSSIA': ['A STP S A NWY', 'A MOS - LVN', 'A WAR S A MOS - LVN', 'F SEV - BLA', 'A VIE S A BUD - TRI', 'A RUM - SER', 'A BUD - TRI'], 'TURKEY': ['F ION C A GRE - APU', 'A GRE - APU VIA', 'A SER S A CON - BUL', 'F ANK - BLA', 'F SMY - AEG', 'A CON - BUL']}","{'F TUN': [], 'A ALB': ['bounce'], 'F NTH': ['cut'], 'F ENG': [], 'A NWY': ['cut'], 'F IRI': [], 'F BRE': [], 'A PAR': ['bounce'], 'A MAR': ['void'], 'F MAO': [], 'A BUR': ['bounce'], 'A MUN': [], 'F SWE': ['bounce'], 'F SKA': [], 'F DEN': ['bounce'], 'A BEL': [], 'A HOL': [], 'A LVN': ['bounce', 'dislodged'], 'F NAP': [], 'A TYR': [], 'A VEN': ['void'], 'F SEV': ['bounce'], 'A VIE': [], 'A RUM': ['bounce'], 'A STP': ['cut'], 'A WAR': [], 'A BUD': [], 'A MOS': [], 'F ANK': ['bounce'], 'A GRE': [], 'F ION': [], 'A SER': ['cut'], 'F SMY': [], 'A CON': []}","[{'sender': 'GERMANY', 'recipient': 'AUSTRIA', 'time_sent': 1654638157163192, 'phase': 'S1904M', 'message': 'ORR (XDO (A ALB S A SER)) (XDO (F TUN - NAF))'}, {'sender': 'GERMANY', 'recipient': 'ENGLAND', 'time_sent': 1654638157169407, 'phase': 'S1904M', 'message': 'ORR (XDO (F ENG C A HOL - POR)) (XDO (F IRI - WAL)) (XDO (F NTH S F SWE - SKA)) (XDO (A NWY - POR VIA))'}, {'sender': 'GERMANY', 'recipient': 'FRANCE', 'time_sent': 1654638157176013, 'phase': 'S1904M', 'message': 'ORR (XDO (F BRE S A BUR - PIC)) (XDO (A BUR S A BEL - PIC)) (XDO (F MAO - POR)) (XDO (A MAR S A HOL - SPA)) (XDO (A PAR S F BRE - GAS))'}, {'sender': 'GERMANY', 'recipient': 'ITALY', 'time_sent': 1654638157180824, 'phase': 'S1904M', 'message': 'ORR (XDO (F NAP H)) (XDO (A TYR S A VEN)) (XDO (A VEN S A MUN - TYR))'}, {'sender': 'GERMANY', 'recipient': 'RUSSIA', 'time_sent': 1654638157188923, 'phase': 'S1904M', 'message': 'ORR (XDO (A BUD - TRI)) (XDO (A MOS - LVN)) (XDO (A RUM S A SER - BUD)) (XDO (F SEV S A RUM)) (XDO (A STP S A WAR - MOS)) (XDO (A VIE S A ALB - TRI)) (XDO (A WAR S A RUM - GAL))'}, {'sender': 'GERMANY', 'recipient': 'TURKEY', 'time_sent': 1654638157194241, 'phase': 'S1904M', 'message': 'ORR (XDO (F ANK - BLA)) (XDO (A CON S A SER - BUL)) (XDO (A GRE S A RUM - SER)) (XDO (F ION C A GRE - ALB)) (XDO (A SER - TRI)) (XDO (F SMY - SYR))'}, {'sender': 'ITALY', 'recipient': 'GERMANY', 'time_sent': 1654638157194440, 'phase': 'S1904M', 'message': 'YES (ORR (XDO (F NAP H)) (XDO (A TYR S A VEN)) (XDO (A VEN S A MUN - TYR)))'}]"
S1904R,"{'timestamp': 1654638159376822, 'zobrist_hash': '5922065278036811855', 'note': '', 'name': 'S1904R', 'units': {'AUSTRIA': ['A ALB', 'F TYS'], 'ENGLAND': ['F NTH', 'F ENG', 'A NWY', 'F IRI'], 'FRANCE': ['F BRE', 'A PAR', 'A MAR', 'F MAO', 'A BUR'], 'GERMANY': ['A MUN', 'F SWE', 'F SKA', 'F DEN', 'A RUH', 'A KIE', '*A LVN'], 'ITALY': ['F NAP', 'A TYR', 'A VEN'], 'RUSSIA': ['F SEV', 'A VIE', 'A RUM', 'A STP', 'A WAR', 'A TRI', 'A LVN'], 'TURKEY': ['F ANK', 'F ION', 'A SER', 'A APU', 'F AEG', 'A BUL']}, 'retreats': {'AUSTRIA': {}, 'ENGLAND': {}, 'FRANCE': {}, 'GERMANY': {'A LVN': ['PRU']}, 'ITALY': {}, 'RUSSIA': {}, 'TURKEY': {}}, 'centers': {'AUSTRIA': ['TRI', 'TUN'], 'ENGLAND': ['EDI', 'LON', 'LVP', 'NWY'], 'FRANCE': ['BRE', 'MAR', 'PAR', 'SPA', 'POR'], 'GERMANY': ['BER', 'KIE', 'MUN', 'DEN', 'HOL', 'SWE', 'BEL'], 'ITALY': ['NAP', 'ROM', 'VEN'], 'RUSSIA': ['MOS', 'SEV', 'STP', 'WAR', 'VIE', 'RUM', 'BUD'], 'TURKEY': ['ANK', 'CON', 'SMY', 'BUL', 'GRE', 'SER']}, 'homes': {'AUSTRIA': ['BUD', 'TRI', 'VIE'], 'ENGLAND': ['EDI', 'LON', 'LVP'], 'FRANCE': ['BRE', 'MAR', 'PAR'], 'GERMANY': ['BER', 'KIE', 'MUN'], 'ITALY': ['NAP', 'ROM', 'VEN'], 'RUSSIA': ['MOS', 'SEV', 'STP', 'WAR'], 'TURKEY': ['ANK', 'CON', 'SMY']}, 'influence': {'AUSTRIA': ['TUN', 'ALB', 'TYS'], 'ENGLAND': ['EDI', 'LON', 'LVP', 'NTH', 'ENG', 'YOR', 'NWY', 'IRI'], 'FRANCE': ['BRE', 'MAR', 'SPA', 'GAS', 'PAR', 'POR', 'MAO', 'BUR'], 'GERMANY': ['BER', 'MUN', 'BAL', 'SWE', 'SKA', 'DEN', 'PRU', 'BEL', 'HOL', 'RUH', 'KIE'], 'ITALY': ['NAP', 'ROM', 'TYR', 'VEN'], 'RUSSIA': ['MOS', 'SEV', 'STP', 'BOT', 'VIE', 'RUM', 'UKR', 'GAL', 'WAR', 'BUD', 'TRI', 'LVN'], 'TURKEY': ['ANK', 'SMY', 'CON', 'GRE', 'ION', 'SER', 'APU', 'AEG', 'BUL']}, 'civil_disorder': {'AUSTRIA': 0, 'ENGLAND': 0, 'FRANCE': 0, 'GERMANY': 0, 'ITALY': 0, 'RUSSIA': 0, 'TURKEY': 0}, 'builds': {'AUSTRIA': {'count': 0, 'homes': []}, 'ENGLAND': {'count': 0, 'homes': []}, 'FRANCE': {'count': 0, 'homes': []}, 'GERMANY': {'count': 0, 'homes': []}, 'ITALY': {'count': 0, 'homes': []}, 'RUSSIA': {'count': 0, 'homes': []}, 'TURKEY': {'count': 0, 'homes': []}}, 'game_id': 'Wtvk9s8R5yKQ-Ulr', 'map': 'standard', 'rules': ['POWER_CHOICE']}","{'AUSTRIA': [], 'ENGLAND': [], 'FRANCE': [], 'GERMANY': ['A LVN R PRU'], 'ITALY': [], 'RUSSIA': [], 'TURKEY': []}","{'A LVN': [], 'F NAP': ['void'], 'A TYR': ['void'], 'A VEN': ['void']}",[]
F1904M,"{'timestamp': 1654638161336520, 'zobrist_hash': '1082752115619970582', 'note': '', 'name': 'F1904M', 'units': {'AUSTRIA': ['A ALB', 'F TYS'], 'ENGLAND': ['F NTH', 'F ENG', 'A NWY', 'F IRI'], 'FRANCE': ['F BRE', 'A PAR', 'A MAR', 'F MAO', 'A BUR'], 'GERMANY': ['A MUN', 'F SWE', 'F SKA', 'F DEN', 'A RUH', 'A KIE', 'A PRU'], 'ITALY': ['F NAP', 'A TYR', 'A VEN'], 'RUSSIA': ['F SEV', 'A VIE', 'A RUM', 'A STP', 'A WAR', 'A TRI', 'A LVN'], 'TURKEY': ['F ANK', 'F ION', 'A SER', 'A APU', 'F AEG', 'A BUL']}, 'retreats': {'AUSTRIA': {}, 'ENGLAND': {}, 'FRANCE': {}, 'GERMANY': {}, 'ITALY': {}, 'RUSSIA': {}, 'TURKEY': {}}, 'centers': {'AUSTRIA': ['TRI', 'TUN'], 'ENGLAND': ['EDI', 'LON', 'LVP', 'NWY'], 'FRANCE': ['BRE', 'MAR', 'PAR', 'SPA', 'POR'], 'GERMANY': ['BER', 'KIE', 'MUN', 'DEN', 'HOL', 'SWE', 'BEL'], 'ITALY': ['NAP', 'ROM', 'VEN'], 'RUSSIA': ['MOS', 'SEV', 'STP', 'WAR', 'VIE', 'RUM', 'BUD'], 'TURKEY': ['ANK', 'CON', 'SMY', 'BUL', 'GRE', 'SER']}, 'homes': {'AUSTRIA': ['BUD', 'TRI', 'VIE'], 'ENGLAND': ['EDI', 'LON', 'LVP'], 'FRANCE': ['BRE', 'MAR', 'PAR'], 'GERMANY': ['BER', 'KIE', 'MUN'], 'ITALY': ['NAP', 'ROM', 'VEN'], 'RUSSIA': ['MOS', 'SEV', 'STP', 'WAR'], 'TURKEY': ['ANK', 'CON', 'SMY']}, 'influence': {'AUSTRIA': ['TUN', 'ALB', 'TYS'], 'ENGLAND': ['EDI', 'LON', 'LVP', 'NTH', 'ENG', 'YOR', 'NWY', 'IRI'], 'FRANCE': ['BRE', 'MAR', 'SPA', 'GAS', 'PAR', 'POR', 'MAO', 'BUR'], 'GERMANY': ['BER', 'MUN', 'BAL', 'SWE', 'SKA', 'DEN', 'BEL', 'HOL', 'RUH', 'KIE', 'PRU'], 'ITALY': ['NAP', 'ROM', 'TYR', 'VEN'], 'RUSSIA': ['MOS', 'SEV', 'STP', 'BOT', 'VIE', 'RUM', 'UKR', 'GAL', 'WAR', 'BUD', 'TRI', 'LVN'], 'TURKEY': ['ANK', 'SMY', 'CON', 'GRE', 'ION', 'SER', 'APU', 'AEG', 'BUL']}, 'civil_disorder': {'AUSTRIA': 0, 'ENGLAND': 0, 'FRANCE': 0, 'GERMANY': 0, 'ITALY': 0, 'RUSSIA': 0, 'TURKEY': 0}, 'builds': {'AUSTRIA': {'count': 0, 'homes': []}, 'ENGLAND': {'count': 0, 'homes': []}, 'FRANCE': {'count': 0, 'homes': []}, 'GERMANY': {'count': 0, 'homes': []}, 'ITALY': {'count': 0, 'homes': []}, 'RUSSIA': {'count': 0, 'homes': []}, 'TURKEY': {'count': 0, 'homes': []}}, 'game_id': 'Wtvk9s8R5yKQ-Ulr', 'map': 'standard', 'rules': ['POWER_CHOICE']}","{'AUSTRIA': ['F TYS - ROM', 'A ALB - SER'], 'ENGLAND': ['F NTH S A NWY', 'F ENG - BEL', 'F IRI S F ENG', 'A NWY S A STP'], 'FRANCE': ['F BRE S F MAO', 'F MAO S F BRE', 'A BUR - BEL', 'A PAR - BUR', 'A MAR S A PAR - BUR'], 'GERMANY': ['F DEN - NTH', 'F SKA - NWY', 'A RUH - BEL', 'A KIE - HOL', 'F SWE S F SKA - NWY', 'A MUN - BUR', 'A PRU - WAR'], 'ITALY': ['F NAP S A BUL - ROM', 'A TYR S A RUH - MUN'], 'RUSSIA': ['A STP S A NWY', 'A LVN - PRU', 'A WAR S A LVN - PRU', 'F SEV - BLA', 'A VIE S A TRI', 'A TRI S A ALB - SER', 'A RUM - BUD'], 'TURKEY': ['F ION - TUN', 'F AEG - GRE', 'A APU - NAP', 'A SER S A BUL - RUM', 'F ANK - BLA', 'A BUL - RUM']}","{'A ALB': [], 'F TYS': [], 'F NTH': ['cut'], 'F ENG': ['bounce'], 'A NWY': ['cut'], 'F IRI': ['void'], 'F BRE': [], 'A PAR': ['bounce'], 'A MAR': ['void'], 'F MAO': [], 'A BUR': ['bounce'], 'A MUN': ['bounce'], 'F SWE': [], 'F SKA': ['bounce'], 'F DEN': ['bounce'], 'A RUH': ['bounce'], 'A KIE': [], 'A PRU': ['bounce', 'dislodged'], 'F NAP': ['void'], 'A TYR': ['void'], 'A VEN': [], 'F SEV': ['bounce'], 'A VIE': [], 'A RUM': [], 'A STP': [], 'A WAR': [], 'A TRI': [], 'A LVN': [], 'F ANK': ['bounce'], 'F ION': [], 'A SER': ['cut', 'dislodged'], 'A APU': ['bounce'], 'F AEG': [], 'A BUL': []}","[{'sender': 'GERMANY', 'recipient': 'AUSTRIA', 'time_sent': 1654638159674846, 'phase': 'F1904M', 'message': 'XDO (A ALB S A SER)'}, {'sender': 'GERMANY', 'recipient': 'ENGLAND', 'time_sent': 1654638159680774, 'phase': 'F1904M', 'message': 'ORR (XDO (F ENG S F DEN - NTH)) (XDO (F IRI - WAL)) (XDO (F NTH S F IRI - ENG)) (XDO (A NWY - POR VIA))'}, {'sender': 'GERMANY', 'recipient': 'FRANCE', 'time_sent': 1654638159688658, 'phase': 'F1904M', 'message': 'ORR (XDO (F BRE - PIC)) (XDO (A BUR S A PAR - GAS)) (XDO (F MAO S F ENG)) (XDO (A MAR S A VEN - PIE)) (XDO (A PAR - GAS))'}, {'sender': 'GERMANY', 'recipient': 'ITALY', 'time_sent': 1654638159695731, 'phase': 'F1904M', 'message': 'ORR (XDO (F NAP S A BUL - ROM)) (XDO (A TYR S A RUH - MUN))'}, {'sender': 'GERMANY', 'recipient': 'RUSSIA', 'time_sent': 1654638159703796, 'phase': 'F1904M', 'message': 'ORR (XDO (A LVN S A WAR - MOS)) (XDO (A RUM - BUD)) (XDO (F SEV - BLA)) (XDO (A STP S F NTH - NWY)) (XDO (A TRI - VEN)) (XDO (A VIE S A TYR)) (XDO (A WAR S A RUM - GAL))'}, {'sender': 'GERMANY', 'recipient': 'TURKEY', 'time_sent': 1654638159710650, 'phase': 'F1904M', 'message': 'ORR (XDO (F AEG S A ALB - GRE)) (XDO (F ANK - BLA)) (XDO (A APU S A TRI - VEN)) (XDO (A BUL S A SER)) (XDO (F ION C A ALB - TUN)) (XDO (A SER S A BUL - ALB))'}, {'sender': 'ITALY', 'recipient': 'GERMANY', 'time_sent': 1654638159710839, 'phase': 'F1904M', 'message': 'YES (ORR (XDO (F NAP S A BUL - ROM)) (XDO (A TYR S A RUH - MUN)))'}]"
F1904R,"{'timestamp': 1654638162156440, 'zobrist_hash': '64351064658372067', 'note': '', 'name': 'F1904R', 'units': {'AUSTRIA': ['A SER', 'F ROM'], 'ENGLAND': ['F NTH', 'F ENG', 'A NWY', 'F IRI'], 'FRANCE': ['F BRE', 'A PAR', 'A MAR', 'F MAO', 'A BUR'], 'GERMANY': ['A MUN', 'F SWE', 'F SKA', 'F DEN', 'A RUH', 'A HOL', '*A PRU'], 'ITALY': ['F NAP', 'A TYR', 'A VEN'], 'RUSSIA': ['F SEV', 'A VIE', 'A STP', 'A WAR', 'A TRI', 'A BUD', 'A PRU'], 'TURKEY': ['F ANK', 'A APU', 'F TUN', 'F GRE', 'A RUM', '*A SER']}, 'retreats': {'AUSTRIA': {}, 'ENGLAND': {}, 'FRANCE': {}, 'GERMANY': {'A PRU': ['BER', 'SIL']}, 'ITALY': {}, 'RUSSIA': {}, 'TURKEY': {'A SER': ['BUL']}}, 'centers': {'AUSTRIA': ['TRI', 'TUN'], 'ENGLAND': ['EDI', 'LON', 'LVP', 'NWY'], 'FRANCE': ['BRE', 'MAR', 'PAR', 'SPA', 'POR'], 'GERMANY': ['BER', 'KIE', 'MUN', 'DEN', 'HOL', 'SWE', 'BEL'], 'ITALY': ['NAP', 'ROM', 'VEN'], 'RUSSIA': ['MOS', 'SEV', 'STP', 'WAR', 'VIE', 'RUM', 'BUD'], 'TURKEY': ['ANK', 'CON', 'SMY', 'BUL', 'GRE', 'SER']}, 'homes': {'AUSTRIA': ['BUD', 'TRI', 'VIE'], 'ENGLAND': ['EDI', 'LON', 'LVP'], 'FRANCE': ['BRE', 'MAR', 'PAR'], 'GERMANY': ['BER', 'KIE', 'MUN'], 'ITALY': ['NAP', 'ROM', 'VEN'], 'RUSSIA': ['MOS', 'SEV', 'STP', 'WAR'], 'TURKEY': ['ANK', 'CON', 'SMY']}, 'influence': {'AUSTRIA': ['ALB', 'TYS', 'SER', 'ROM'], 'ENGLAND': ['EDI', 'LON', 'LVP', 'NTH', 'ENG', 'YOR', 'NWY', 'IRI'], 'FRANCE': ['BRE', 'MAR', 'SPA', 'GAS', 'PAR', 'POR', 'MAO', 'BUR'], 'GERMANY': ['BER', 'MUN', 'BAL', 'SWE', 'SKA', 'DEN', 'BEL', 'RUH', 'KIE', 'HOL'], 'ITALY': ['NAP', 'TYR', 'VEN'], 'RUSSIA': ['MOS', 'SEV', 'STP', 'BOT', 'VIE', 'UKR', 'GAL', 'WAR', 'TRI', 'LVN', 'BUD', 'PRU'], 'TURKEY': ['ANK', 'SMY', 'CON', 'ION', 'APU', 'AEG', 'BUL', 'TUN', 'GRE', 'RUM']}, 'civil_disorder': {'AUSTRIA': 0, 'ENGLAND': 0, 'FRANCE': 0, 'GERMANY': 0, 'ITALY': 0, 'RUSSIA': 0, 'TURKEY': 0}, 'builds': {'AUSTRIA': {'count': 0, 'homes': []}, 'ENGLAND': {'count': 0, 'homes': []}, 'FRANCE': {'count': 0, 'homes': []}, 'GERMANY': {'count': 0, 'homes': []}, 'ITALY': {'count': 0, 'homes': []}, 'RUSSIA': {'count': 0, 'homes': []}, 'TURKEY': {'count': 0, 'homes': []}}, 'game_id': 'Wtvk9s8R5yKQ-Ulr', 'map': 'standard', 'rules': ['POWER_CHOICE']}","{'AUSTRIA': [], 'ENGLAND': [], 'FRANCE': [], 'GERMANY': ['A PRU R BER'], 'ITALY': [], 'RUSSIA': [], 'TURKEY': ['A SER R BUL']}","{'A PRU': [], 'A SER': [], 'F NAP': ['void'], 'A TYR': ['void']}",[]
W1904A,"{'timestamp': 1654638162714581, 'zobrist_hash': '8180454297827321175', 'note': '', 'name': 'W1904A', 'units': {'AUSTRIA': ['A SER', 'F ROM'], 'ENGLAND': ['F NTH', 'F ENG', 'A NWY', 'F IRI'], 'FRANCE': ['F BRE', 'A PAR', 'A MAR', 'F MAO', 'A BUR'], 'GERMANY': ['A MUN', 'F SWE', 'F SKA', 'F DEN', 'A RUH', 'A HOL', 'A BER'], 'ITALY': ['F NAP', 'A TYR', 'A VEN'], 'RUSSIA': ['F SEV', 'A VIE', 'A STP', 'A WAR', 'A TRI', 'A BUD', 'A PRU'], 'TURKEY': ['F ANK', 'A APU', 'F TUN', 'F GRE', 'A RUM', 'A BUL']}, 'retreats': {'AUSTRIA': {}, 'ENGLAND': {}, 'FRANCE': {}, 'GERMANY': {}, 'ITALY': {}, 'RUSSIA': {}, 'TURKEY': {}}, 'centers': {'AUSTRIA': ['ROM', 'SER'], 'ENGLAND': ['EDI', 'LON', 'LVP', 'NWY'], 'FRANCE': ['BRE', 'MAR', 'PAR', 'SPA', 'POR'], 'GERMANY': ['BER', 'KIE', 'MUN', 'DEN', 'HOL', 'SWE', 'BEL'], 'ITALY': ['NAP', 'VEN'], 'RUSSIA': ['MOS', 'SEV', 'STP', 'WAR', 'VIE', 'BUD', 'TRI'], 'TURKEY': ['ANK', 'CON', 'SMY', 'BUL', 'GRE', 'TUN', 'RUM']}, 'homes': {'AUSTRIA': ['BUD', 'TRI', 'VIE'], 'ENGLAND': ['EDI', 'LON', 'LVP'], 'FRANCE': ['BRE', 'MAR', 'PAR'], 'GERMANY': ['BER', 'KIE', 'MUN'], 'ITALY': ['NAP', 'ROM', 'VEN'], 'RUSSIA': ['MOS', 'SEV', 'STP', 'WAR'], 'TURKEY': ['ANK', 'CON', 'SMY']}, 'influence': {'AUSTRIA': ['ALB', 'TYS', 'SER', 'ROM'], 'ENGLAND': ['EDI', 'LON', 'LVP', 'NTH', 'ENG', 'YOR', 'NWY', 'IRI'], 'FRANCE': ['BRE', 'MAR', 'SPA', 'GAS', 'PAR', 'POR', 'MAO', 'BUR'], 'GERMANY': ['MUN', 'BAL', 'SWE', 'SKA', 'DEN', 'BEL', 'RUH', 'KIE', 'HOL', 'BER'], 'ITALY': ['NAP', 'TYR', 'VEN'], 'RUSSIA': ['MOS', 'SEV', 'STP', 'BOT', 'VIE', 'UKR', 'GAL', 'WAR', 'TRI', 'LVN', 'BUD', 'PRU'], 'TURKEY': ['ANK', 'SMY', 'CON', 'ION', 'APU', 'AEG', 'TUN', 'GRE', 'RUM', 'BUL']}, 'civil_disorder': {'AUSTRIA': 0, 'ENGLAND': 0, 'FRANCE': 0, 'GERMANY': 0, 'ITALY': 0, 'RUSSIA': 0, 'TURKEY': 0}, 'builds': {'AUSTRIA': {'count': 0, 'homes': []}, 'ENGLAND': {'count': 0, 'homes': []}, 'FRANCE': {'count': 0, 'homes': []}, 'GERMANY': {'count': 0, 'homes': []}, 'ITALY': {'count': -1, 'homes': []}, 'RUSSIA': {'count': 0, 'homes': []}, 'TURKEY': {'count': 1, 'homes': ['CON', 'SMY']}}, 'game_id': 'Wtvk9s8R5yKQ-Ulr', 'map': 'standard', 'rules': ['POWER_CHOICE']}","{'AUSTRIA': [], 'ENGLAND': [], 'FRANCE': [], 'GERMANY': [], 'ITALY': [], 'RUSSIA': [], 'TURKEY': ['F CON B']}","{'F NAP': ['void'], 'A TYR': ['void', ''], 'F CON': ['']}",[]
S1905M,"{'timestamp': 1654638164673935, 'zobrist_hash': '1239743230781294252', 'note': '', 'name': 'S1905M', 'units': {'AUSTRIA': ['A SER', 'F ROM'], 'ENGLAND': ['F NTH', 'F ENG', 'A NWY', 'F IRI'], 'FRANCE': ['F BRE', 'A PAR', 'A MAR', 'F MAO', 'A BUR'], 'GERMANY': ['A MUN', 'F SWE', 'F SKA', 'F DEN', 'A RUH', 'A HOL', 'A BER'], 'ITALY': ['F NAP', 'A VEN'], 'RUSSIA': ['F SEV', 'A VIE', 'A STP', 'A WAR', 'A TRI', 'A BUD', 'A PRU'], 'TURKEY': ['F ANK', 'A APU', 'F TUN', 'F GRE', 'A RUM', 'A BUL', 'F CON']}, 'retreats': {'AUSTRIA': {}, 'ENGLAND': {}, 'FRANCE': {}, 'GERMANY': {}, 'ITALY': {}, 'RUSSIA': {}, 'TURKEY': {}}, 'centers': {'AUSTRIA': ['ROM', 'SER'], 'ENGLAND': ['EDI', 'LON', 'LVP', 'NWY'], 'FRANCE': ['BRE', 'MAR', 'PAR', 'SPA', 'POR'], 'GERMANY': ['BER', 'KIE', 'MUN', 'DEN', 'HOL', 'SWE', 'BEL'], 'ITALY': ['NAP', 'VEN'], 'RUSSIA': ['MOS', 'SEV', 'STP', 'WAR', 'VIE', 'BUD', 'TRI'], 'TURKEY': ['ANK', 'CON', 'SMY', 'BUL', 'GRE', 'TUN', 'RUM']}, 'homes': {'AUSTRIA': ['BUD', 'TRI', 'VIE'], 'ENGLAND': ['EDI', 'LON', 'LVP'], 'FRANCE': ['BRE', 'MAR', 'PAR'], 'GERMANY': ['BER', 'KIE', 'MUN'], 'ITALY': ['NAP', 'ROM', 'VEN'], 'RUSSIA': ['MOS', 'SEV', 'STP', 'WAR'], 'TURKEY': ['ANK', 'CON', 'SMY']}, 'influence': {'AUSTRIA': ['ALB', 'TYS', 'SER', 'ROM'], 'ENGLAND': ['EDI', 'LON', 'LVP', 'NTH', 'ENG', 'YOR', 'NWY', 'IRI'], 'FRANCE': ['BRE', 'MAR', 'SPA', 'GAS', 'PAR', 'POR', 'MAO', 'BUR'], 'GERMANY': ['MUN', 'BAL', 'SWE', 'SKA', 'DEN', 'BEL', 'RUH', 'KIE', 'HOL', 'BER'], 'ITALY': ['NAP', 'TYR', 'VEN'], 'RUSSIA': ['MOS', 'SEV', 'STP', 'BOT', 'VIE', 'UKR', 'GAL', 'WAR', 'TRI', 'LVN', 'BUD', 'PRU'], 'TURKEY': ['ANK', 'SMY', 'CON', 'ION', 'APU', 'AEG', 'TUN', 'GRE', 'RUM', 'BUL']}, 'civil_disorder': {'AUSTRIA': 0, 'ENGLAND': 0, 'FRANCE': 0, 'GERMANY': 0, 'ITALY': 0, 'RUSSIA': 0, 'TURKEY': 0}, 'builds': {'AUSTRIA': {'count': 0, 'homes': []}, 'ENGLAND': {'count': 0, 'homes': []}, 'FRANCE': {'count': 0, 'homes': []}, 'GERMANY': {'count': 0, 'homes': []}, 'ITALY': {'count': 0, 'homes': []}, 'RUSSIA': {'count': 0, 'homes': []}, 'TURKEY': {'count': 0, 'homes': []}}, 'game_id': 'Wtvk9s8R5yKQ-Ulr', 'map': 'standard', 'rules': ['POWER_CHOICE']}","{'AUSTRIA': ['F ROM - NAP', 'A SER - BUD'], 'ENGLAND': ['F NTH S A NWY', 'F ENG S F NTH', 'F IRI S F ENG', 'A NWY S A STP'], 'FRANCE': ['F BRE S F MAO', 'F MAO S F BRE', 'A BUR - RUH', 'A PAR - BUR', 'A MAR S A PAR - BUR'], 'GERMANY': ['F DEN - NTH', 'A HOL - BEL', 'F SKA S F DEN - NTH', 'A RUH S A MUN - BUR', 'F SWE - NWY', 'A MUN - BUR', 'A BER - SIL'], 'ITALY': ['F NAP S F ROM - TYS', 'A VEN S A TRI'], 'RUSSIA': ['A STP S A NWY', 'A PRU - SIL', 'A WAR - UKR', 'F SEV - BLA', 'A VIE - GAL', 'A TRI - SER', 'A BUD S A TRI - SER'], 'TURKEY': ['F TUN - TYS', 'A RUM S A BUL - SER', 'A APU - VEN', 'F GRE - ION', 'F ANK - BLA', 'A BUL - SER', 'F CON - AEG']}","{'A SER': ['bounce'], 'F ROM': ['bounce'], 'F NTH': ['cut'], 'F ENG': [], 'A NWY': ['cut'], 'F IRI': [], 'F BRE': [], 'A PAR': ['bounce'], 'A MAR': [], 'F MAO': [], 'A BUR': ['bounce'], 'A MUN': ['bounce'], 'F SWE': ['bounce'], 'F SKA': [], 'F DEN': ['bounce'], 'A RUH': [], 'A HOL': [], 'A BER': ['bounce'], 'F NAP': ['void'], 'A VEN': ['void'], 'F SEV': ['bounce'], 'A VIE': [], 'A STP': [], 'A WAR': [], 'A TRI': ['bounce'], 'A BUD': [], 'A PRU': ['bounce'], 'F ANK': ['bounce'], 'A APU': ['bounce'], 'F TUN': [], 'F GRE': [], 'A RUM': [], 'A BUL': ['bounce'], 'F CON': []}","[{'sender': 'GERMANY', 'recipient': 'AUSTRIA', 'time_sent': 1654638163013033, 'phase': 'S1905M', 'message': 'ORR (XDO (F ROM S F NAP)) (XDO (A SER S F GRE - BUL))'}, {'sender': 'GERMANY', 'recipient': 'ENGLAND', 'time_sent': 1654638163020355, 'phase': 'S1905M', 'message': 'ORR (XDO (F ENG S F DEN - NTH)) (XDO (F IRI S F BRE - ENG)) (XDO (F NTH C A HOL - LON))'}, {'sender': 'GERMANY', 'recipient': 'FRANCE', 'time_sent': 1654638163027067, 'phase': 'S1905M', 'message': 'ORR (XDO (F BRE S A BUR - PIC)) (XDO (A BUR S A HOL - RUH)) (XDO (F MAO S F ENG)) (XDO (A MAR S F MAO - SPA)) (XDO (A PAR - BUR))'}, {'sender': 'GERMANY', 'recipient': 'ITALY', 'time_sent': 1654638163032170, 'phase': 'S1905M', 'message': 'ORR (XDO (F NAP S F ROM - TYS)) (XDO (A VEN S A TRI))'}, {'sender': 'GERMANY', 'recipient': 'RUSSIA', 'time_sent': 1654638163039574, 'phase': 'S1905M', 'message': 'ORR (XDO (A BUD S A TRI - VIE)) (XDO (A PRU S A STP - LVN)) (XDO (F SEV - BLA)) (XDO (A STP - NWY)) (XDO (A VIE S A TRI)) (XDO (A WAR S A RUM - GAL))'}, {'sender': 'GERMANY', 'recipient': 'TURKEY', 'time_sent': 1654638163046337, 'phase': 'S1905M', 'message': 'ORR (XDO (F ANK S A BUL - CON)) (XDO (A APU - ROM)) (XDO (A BUL S F ANK - CON)) (XDO (F CON S F GRE - BUL/SC)) (XDO (F GRE - ION)) (XDO (A RUM - BUD)) (XDO (F TUN S F MAO - NAF))'}, {'sender': 'ITALY', 'recipient': 'GERMANY', 'time_sent': 1654638163046509, 'phase': 'S1905M', 'message': 'YES (ORR (XDO (F NAP S F ROM - TYS)) (XDO (A VEN S A TRI)))'}]"
F1905M,"{'timestamp': 1654638166632802, 'zobrist_hash': '7127809516313355426', 'note': '', 'name': 'F1905M', 'units': {'AUSTRIA': ['A SER', 'F ROM'], 'ENGLAND': ['F NTH', 'F ENG', 'A NWY', 'F IRI'], 'FRANCE': ['F BRE', 'A PAR', 'A MAR', 'F MAO', 'A BUR'], 'GERMANY': ['A MUN', 'F SWE', 'F SKA', 'F DEN', 'A RUH', 'A BER', 'A BEL'], 'ITALY': ['F NAP', 'A VEN'], 'RUSSIA': ['F SEV', 'A STP', 'A TRI', 'A BUD', 'A PRU', 'A GAL', 'A UKR'], 'TURKEY': ['F ANK', 'A APU', 'A RUM', 'A BUL', 'F TYS', 'F ION', 'F AEG']}, 'retreats': {'AUSTRIA': {}, 'ENGLAND': {}, 'FRANCE': {}, 'GERMANY': {}, 'ITALY': {}, 'RUSSIA': {}, 'TURKEY': {}}, 'centers': {'AUSTRIA': ['ROM', 'SER'], 'ENGLAND': ['EDI', 'LON', 'LVP', 'NWY'], 'FRANCE': ['BRE', 'MAR', 'PAR', 'SPA', 'POR'], 'GERMANY': ['BER', 'KIE', 'MUN', 'DEN', 'HOL', 'SWE', 'BEL'], 'ITALY': ['NAP', 'VEN'], 'RUSSIA': ['MOS', 'SEV', 'STP', 'WAR', 'VIE', 'BUD', 'TRI'], 'TURKEY': ['ANK', 'CON', 'SMY', 'BUL', 'GRE', 'TUN', 'RUM']}, 'homes': {'AUSTRIA': ['BUD', 'TRI', 'VIE'], 'ENGLAND': ['EDI', 'LON', 'LVP'], 'FRANCE': ['BRE', 'MAR', 'PAR'], 'GERMANY': ['BER', 'KIE', 'MUN'], 'ITALY': ['NAP', 'ROM', 'VEN'], 'RUSSIA': ['MOS', 'SEV', 'STP', 'WAR'], 'TURKEY': ['ANK', 'CON', 'SMY']}, 'influence': {'AUSTRIA': ['ALB', 'SER', 'ROM'], 'ENGLAND': ['EDI', 'LON', 'LVP', 'NTH', 'ENG', 'YOR', 'NWY', 'IRI'], 'FRANCE': ['BRE', 'MAR', 'SPA', 'GAS', 'PAR', 'POR', 'MAO', 'BUR'], 'GERMANY': ['MUN', 'BAL', 'SWE', 'SKA', 'DEN', 'RUH', 'KIE', 'HOL', 'BER', 'BEL'], 'ITALY': ['NAP', 'TYR', 'VEN'], 'RUSSIA': ['MOS', 'SEV', 'STP', 'BOT', 'VIE', 'WAR', 'TRI', 'LVN', 'BUD', 'PRU', 'GAL', 'UKR'], 'TURKEY': ['ANK', 'SMY', 'CON', 'APU', 'TUN', 'GRE', 'RUM', 'BUL', 'TYS', 'ION', 'AEG']}, 'civil_disorder': {'AUSTRIA': 0, 'ENGLAND': 0, 'FRANCE': 0, 'GERMANY': 0, 'ITALY': 0, 'RUSSIA': 0, 'TURKEY': 0}, 'builds': {'AUSTRIA': {'count': 0, 'homes': []}, 'ENGLAND': {'count': 0, 'homes': []}, 'FRANCE': {'count': 0, 'homes': []}, 'GERMANY': {'count': 0, 'homes': []}, 'ITALY': {'count': 0, 'homes': []}, 'RUSSIA': {'count': 0, 'homes': []}, 'TURKEY': {'count': 0, 'homes': []}}, 'game_id': 'Wtvk9s8R5yKQ-Ulr', 'map': 'standard', 'rules': ['POWER_CHOICE']}","{'AUSTRIA': ['F ROM - NAP', 'A SER - BUD'], 'ENGLAND': ['F NTH S A NWY', 'F ENG S F NTH', 'F IRI S F ENG', 'A NWY S A STP'], 'FRANCE': ['F BRE S F MAO', 'F MAO S F BRE', 'A BUR - MUN', 'A PAR - PIC', 'A MAR - BUR'], 'GERMANY': ['A BEL - HOL', 'F DEN - NTH', 'F SKA - NWY', 'A RUH - HOL', 'F SWE S F SKA - NWY', 'A MUN - BUR', 'A BER - PRU'], 'ITALY': ['F NAP S A BUL - APU', 'A VEN S A MUN - TYR'], 'RUSSIA': ['A STP S A NWY', 'A PRU - BER', 'F SEV - BLA', 'A UKR - RUM', 'A GAL S A UKR - RUM', 'A TRI S A BUD - SER', 'A BUD - SER'], 'TURKEY': ['F TYS S F ION - NAP', 'F ION - NAP', 'A RUM - BUD', 'F AEG - GRE', 'A APU S F ION - NAP', 'F ANK - BLA', 'A BUL - SER']}","{'A SER': ['bounce', 'dislodged'], 'F ROM': ['bounce'], 'F NTH': ['cut'], 'F ENG': [], 'A NWY': ['cut'], 'F IRI': [], 'F BRE': [], 'A PAR': [], 'A MAR': ['bounce'], 'F MAO': [], 'A BUR': ['bounce'], 'A MUN': ['bounce'], 'F SWE': [], 'F SKA': ['bounce'], 'F DEN': ['bounce'], 'A RUH': ['bounce'], 'A BER': ['bounce'], 'A BEL': ['bounce'], 'F NAP': ['void', 'dislodged'], 'A VEN': ['void'], 'F SEV': ['bounce'], 'A STP': [], 'A TRI': [], 'A BUD': [], 'A PRU': ['bounce'], 'A GAL': [], 'A UKR': [], 'F ANK': ['bounce'], 'A APU': [], 'A RUM': [], 'A BUL': ['bounce'], 'F TYS': [], 'F ION': [], 'F AEG': []}","[{'sender': 'GERMANY', 'recipient': 'AUSTRIA', 'time_sent': 1654638164974376, 'phase': 'F1905M', 'message': 'ORR (XDO (F ROM S A APU - TUS)) (XDO (A SER - TRI))'}, {'sender': 'GERMANY', 'recipient': 'ENGLAND', 'time_sent': 1654638164981054, 'phase': 'F1905M', 'message': 'ORR (XDO (F ENG - BEL)) (XDO (F IRI - WAL)) (XDO (F NTH S A BEL - HOL)) (XDO (A NWY - FIN))'}, {'sender': 'GERMANY', 'recipient': 'FRANCE', 'time_sent': 1654638164987596, 'phase': 'F1905M', 'message': 'ORR (XDO (F BRE S A BUR - PIC)) (XDO (A BUR S A BEL - PIC)) (XDO (F MAO S F ENG)) (XDO (A MAR S A BEL - SPA)) (XDO (A PAR - BUR))'}, {'sender': 'GERMANY', 'recipient': 'ITALY', 'time_sent': 1654638164992280, 'phase': 'F1905M', 'message': 'ORR (XDO (F NAP S A BUL - APU)) (XDO (A VEN S A MUN - TYR))'}, {'sender': 'GERMANY', 'recipient': 'RUSSIA', 'time_sent': 1654638165000095, 'phase': 'F1905M', 'message': 'ORR (XDO (A BUD - TRI)) (XDO (A GAL S A MUN - SIL)) (XDO (A PRU - BER)) (XDO (F SEV - BLA)) (XDO (A STP S A UKR - MOS)) (XDO (A TRI S A GAL - BUD)) (XDO (A UKR - WAR))'}, {'sender': 'GERMANY', 'recipient': 'TURKEY', 'time_sent': 1654638165007134, 'phase': 'F1905M', 'message': 'ORR (XDO (F AEG S F NAP - ION)) (XDO (F ANK H)) (XDO (A APU S A TRI - VEN)) (XDO (A BUL S F ANK - CON)) (XDO (F ION C A BUL - NAP)) (XDO (A RUM S A SER - BUD)) (XDO (F TYS S F ION - TUN))'}, {'sender': 'ITALY', 'recipient': 'GERMANY', 'time_sent': 1654638165007330, 'phase': 'F1905M', 'message': 'YES (ORR (XDO (F NAP S A BUL - APU)) (XDO (A VEN S A MUN - TYR)))'}]"
F1905R,"{'timestamp': 1654638167177968, 'zobrist_hash': '4762100520805591729', 'note': '', 'name': 'F1905R', 'units': {'AUSTRIA': ['F ROM', '*A SER'], 'ENGLAND': ['F NTH', 'F ENG', 'A NWY', 'F IRI'], 'FRANCE': ['F BRE', 'A MAR', 'F MAO', 'A BUR', 'A PIC'], 'GERMANY': ['A MUN', 'F SWE', 'F SKA', 'F DEN', 'A RUH', 'A BER', 'A BEL'], 'ITALY': ['A VEN'], 'RUSSIA': ['F SEV', 'A STP', 'A TRI', 'A PRU', 'A GAL', 'A SER', 'A RUM'], 'TURKEY': ['F ANK', 'A APU', 'A BUL', 'F TYS', 'A BUD', 'F NAP', 'F GRE']}, 'retreats': {'AUSTRIA': {'A SER': ['ALB']}, 'ENGLAND': {}, 'FRANCE': {}, 'GERMANY': {}, 'ITALY': {}, 'RUSSIA': {}, 'TURKEY': {}}, 'centers': {'AUSTRIA': ['ROM', 'SER'], 'ENGLAND': ['EDI', 'LON', 'LVP', 'NWY'], 'FRANCE': ['BRE', 'MAR', 'PAR', 'SPA', 'POR'], 'GERMANY': ['BER', 'KIE', 'MUN', 'DEN', 'HOL', 'SWE', 'BEL'], 'ITALY': ['NAP', 'VEN'], 'RUSSIA': ['MOS', 'SEV', 'STP', 'WAR', 'VIE', 'BUD', 'TRI'], 'TURKEY': ['ANK', 'CON', 'SMY', 'BUL', 'GRE', 'TUN', 'RUM']}, 'homes': {'AUSTRIA': ['BUD', 'TRI', 'VIE'], 'ENGLAND': ['EDI', 'LON', 'LVP'], 'FRANCE': ['BRE', 'MAR', 'PAR'], 'GERMANY': ['BER', 'KIE', 'MUN'], 'ITALY': ['NAP', 'ROM', 'VEN'], 'RUSSIA': ['MOS', 'SEV', 'STP', 'WAR'], 'TURKEY': ['ANK', 'CON', 'SMY']}, 'influence': {'AUSTRIA': ['ALB', 'ROM'], 'ENGLAND': ['EDI', 'LON', 'LVP', 'NTH', 'ENG', 'YOR', 'NWY', 'IRI'], 'FRANCE': ['BRE', 'MAR', 'SPA', 'GAS', 'PAR', 'POR', 'MAO', 'BUR', 'PIC'], 'GERMANY': ['MUN', 'BAL', 'SWE', 'SKA', 'DEN', 'RUH', 'KIE', 'HOL', 'BER', 'BEL'], 'ITALY': ['TYR', 'VEN'], 'RUSSIA': ['MOS', 'SEV', 'STP', 'BOT', 'VIE', 'WAR', 'TRI', 'LVN', 'PRU', 'GAL', 'UKR', 'SER', 'RUM'], 'TURKEY': ['ANK', 'SMY', 'CON', 'APU', 'TUN', 'BUL', 'TYS', 'ION', 'AEG', 'BUD', 'NAP', 'GRE']}, 'civil_disorder': {'AUSTRIA': 0, 'ENGLAND': 0, 'FRANCE': 0, 'GERMANY': 0, 'ITALY': 0, 'RUSSIA': 0, 'TURKEY': 0}, 'builds': {'AUSTRIA': {'count': 0, 'homes': []}, 'ENGLAND': {'count': 0, 'homes': []}, 'FRANCE': {'count': 0, 'homes': []}, 'GERMANY': {'count': 0, 'homes': []}, 'ITALY': {'count': 0, 'homes': []}, 'RUSSIA': {'count': 0, 'homes': []}, 'TURKEY': {'count': 0, 'homes': []}}, 'game_id': 'Wtvk9s8R5yKQ-Ulr', 'map': 'standard', 'rules': ['POWER_CHOICE']}","{'AUSTRIA': ['A SER R ALB'], 'ENGLAND': [], 'FRANCE': [], 'GERMANY': [], 'ITALY': [], 'RUSSIA': [], 'TURKEY': []}","{'A SER': [], 'F NAP': ['void', 'disband'], 'A VEN': ['void']}",[]
W1905A,"{'timestamp': 1654638168260230, 'zobrist_hash': '7651137926685401020', 'note': '', 'name': 'W1905A', 'units': {'AUSTRIA': ['F ROM', 'A ALB'], 'ENGLAND': ['F NTH', 'F ENG', 'A NWY', 'F IRI'], 'FRANCE': ['F BRE', 'A MAR', 'F MAO', 'A BUR', 'A PIC'], 'GERMANY': ['A MUN', 'F SWE', 'F SKA', 'F DEN', 'A RUH', 'A BER', 'A BEL'], 'ITALY': ['A VEN'], 'RUSSIA': ['F SEV', 'A STP', 'A TRI', 'A PRU', 'A GAL', 'A SER', 'A RUM'], 'TURKEY': ['F ANK', 'A APU', 'A BUL', 'F TYS', 'A BUD', 'F NAP', 'F GRE']}, 'retreats': {'AUSTRIA': {}, 'ENGLAND': {}, 'FRANCE': {}, 'GERMANY': {}, 'ITALY': {}, 'RUSSIA': {}, 'TURKEY': {}}, 'centers': {'AUSTRIA': ['ROM'], 'ENGLAND': ['EDI', 'LON', 'LVP', 'NWY'], 'FRANCE': ['BRE', 'MAR', 'PAR', 'SPA', 'POR'], 'GERMANY': ['BER', 'KIE', 'MUN', 'DEN', 'HOL', 'SWE', 'BEL'], 'ITALY': ['VEN'], 'RUSSIA': ['MOS', 'SEV', 'STP', 'WAR', 'VIE', 'TRI', 'SER', 'RUM'], 'TURKEY': ['ANK', 'CON', 'SMY', 'BUL', 'GRE', 'TUN', 'NAP', 'BUD']}, 'homes': {'AUSTRIA': ['BUD', 'TRI', 'VIE'], 'ENGLAND': ['EDI', 'LON', 'LVP'], 'FRANCE': ['BRE', 'MAR', 'PAR'], 'GERMANY': ['BER', 'KIE', 'MUN'], 'ITALY': ['NAP', 'ROM', 'VEN'], 'RUSSIA': ['MOS', 'SEV', 'STP', 'WAR'], 'TURKEY': ['ANK', 'CON', 'SMY']}, 'influence': {'AUSTRIA': ['ROM', 'ALB'], 'ENGLAND': ['EDI', 'LON', 'LVP', 'NTH', 'ENG', 'YOR', 'NWY', 'IRI'], 'FRANCE': ['BRE', 'MAR', 'SPA', 'GAS', 'PAR', 'POR', 'MAO', 'BUR', 'PIC'], 'GERMANY': ['MUN', 'BAL', 'SWE', 'SKA', 'DEN', 'RUH', 'KIE', 'HOL', 'BER', 'BEL'], 'ITALY': ['TYR', 'VEN'], 'RUSSIA': ['MOS', 'SEV', 'STP', 'BOT', 'VIE', 'WAR', 'TRI', 'LVN', 'PRU', 'GAL', 'UKR', 'SER', 'RUM'], 'TURKEY': ['ANK', 'SMY', 'CON', 'APU', 'TUN', 'BUL', 'TYS', 'ION', 'AEG', 'BUD', 'NAP', 'GRE']}, 'civil_disorder': {'AUSTRIA': 0, 'ENGLAND': 0, 'FRANCE': 0, 'GERMANY': 0, 'ITALY': 0, 'RUSSIA': 0, 'TURKEY': 0}, 'builds': {'AUSTRIA': {'count': -1, 'homes': []}, 'ENGLAND': {'count': 0, 'homes': []}, 'FRANCE': {'count': 0, 'homes': []}, 'GERMANY': {'count': 0, 'homes': []}, 'ITALY': {'count': 0, 'homes': []}, 'RUSSIA': {'count': 1, 'homes': ['MOS', 'WAR']}, 'TURKEY': {'count': 1, 'homes': ['CON', 'SMY']}}, 'game_id': 'Wtvk9s8R5yKQ-Ulr', 'map': 'standard', 'rules': ['POWER_CHOICE']}","{'AUSTRIA': ['F ROM D'], 'ENGLAND': [], 'FRANCE': [], 'GERMANY': [], 'ITALY': [], 'RUSSIA': ['A WAR B'], 'TURKEY': ['F CON B']}","{'F ROM': [''], 'F NAP': ['void'], 'A VEN': ['void'], 'A WAR': [''], 'F CON': ['']}",[]
S1906M,"{'timestamp': 1654638170221972, 'zobrist_hash': '2325850857242255677', 'note': '', 'name': 'S1906M', 'units': {'AUSTRIA': ['A ALB'], 'ENGLAND': ['F NTH', 'F ENG', 'A NWY', 'F IRI'], 'FRANCE': ['F BRE', 'A MAR', 'F MAO', 'A BUR', 'A PIC'], 'GERMANY': ['A MUN', 'F SWE', 'F SKA', 'F DEN', 'A RUH', 'A BER', 'A BEL'], 'ITALY': ['A VEN'], 'RUSSIA': ['F SEV', 'A STP', 'A TRI', 'A PRU', 'A GAL', 'A SER', 'A RUM', 'A WAR'], 'TURKEY': ['F ANK', 'A APU', 'A BUL', 'F TYS', 'A BUD', 'F NAP', 'F GRE', 'F CON']}, 'retreats': {'AUSTRIA': {}, 'ENGLAND': {}, 'FRANCE': {}, 'GERMANY': {}, 'ITALY': {}, 'RUSSIA': {}, 'TURKEY': {}}, 'centers': {'AUSTRIA': ['ROM'], 'ENGLAND': ['EDI', 'LON', 'LVP', 'NWY'], 'FRANCE': ['BRE', 'MAR', 'PAR', 'SPA', 'POR'], 'GERMANY': ['BER', 'KIE', 'MUN', 'DEN', 'HOL', 'SWE', 'BEL'], 'ITALY': ['VEN'], 'RUSSIA': ['MOS', 'SEV', 'STP', 'WAR', 'VIE', 'TRI', 'SER', 'RUM'], 'TURKEY': ['ANK', 'CON', 'SMY', 'BUL', 'GRE', 'TUN', 'NAP', 'BUD']}, 'homes': {'AUSTRIA': ['BUD', 'TRI', 'VIE'], 'ENGLAND': ['EDI', 'LON', 'LVP'], 'FRANCE': ['BRE', 'MAR', 'PAR'], 'GERMANY': ['BER', 'KIE', 'MUN'], 'ITALY': ['NAP', 'ROM', 'VEN'], 'RUSSIA': ['MOS', 'SEV', 'STP', 'WAR'], 'TURKEY': ['ANK', 'CON', 'SMY']}, 'influence': {'AUSTRIA': ['ROM', 'ALB'], 'ENGLAND': ['EDI', 'LON', 'LVP', 'NTH', 'ENG', 'YOR', 'NWY', 'IRI'], 'FRANCE': ['BRE', 'MAR', 'SPA', 'GAS', 'PAR', 'POR', 'MAO', 'BUR', 'PIC'], 'GERMANY': ['MUN', 'BAL', 'SWE', 'SKA', 'DEN', 'RUH', 'KIE', 'HOL', 'BER', 'BEL'], 'ITALY': ['TYR', 'VEN'], 'RUSSIA': ['MOS', 'SEV', 'STP', 'BOT', 'VIE', 'WAR', 'TRI', 'LVN', 'PRU', 'GAL', 'UKR', 'SER', 'RUM'], 'TURKEY': ['ANK', 'SMY', 'CON', 'APU', 'TUN', 'BUL', 'TYS', 'ION', 'AEG', 'BUD', 'NAP', 'GRE']}, 'civil_disorder': {'AUSTRIA': 0, 'ENGLAND': 0, 'FRANCE': 0, 'GERMANY': 0, 'ITALY': 0, 'RUSSIA': 0, 'TURKEY': 0}, 'builds': {'AUSTRIA': {'count': 0, 'homes': []}, 'ENGLAND': {'count': 0, 'homes': []}, 'FRANCE': {'count': 0, 'homes': []}, 'GERMANY': {'count': 0, 'homes': []}, 'ITALY': {'count': 0, 'homes': []}, 'RUSSIA': {'count': 0, 'homes': []}, 'TURKEY': {'count': 0, 'homes': []}}, 'game_id': 'Wtvk9s8R5yKQ-Ulr', 'map': 'standard', 'rules': ['POWER_CHOICE']}","{'AUSTRIA': ['A ALB - TRI'], 'ENGLAND': ['F NTH S A NWY', 'F ENG S F NTH', 'F IRI S F ENG', 'A NWY S A STP'], 'FRANCE': ['F BRE S F MAO', 'F MAO H', 'A PIC - BEL', 'A BUR S A PIC - BEL', 'A MAR S A BUR'], 'GERMANY': ['A BEL S A MUN - BUR', 'F DEN - NTH', 'F SKA S F DEN - NTH', 'A RUH S A BEL', 'F SWE - NWY', 'A MUN - BUR', 'A BER - PRU'], 'ITALY': ['A VEN S A TRI'], 'RUSSIA': ['A STP S A NWY', 'A PRU S A WAR - SIL', 'A WAR - SIL', 'F SEV - BLA', 'A GAL S A RUM - BUD', 'A TRI S A RUM - BUD', 'A RUM - BUD', 'A SER S A RUM - BUD'], 'TURKEY': ['F TYS - WES', 'F NAP - TYS', 'A APU - VEN', 'F GRE S A BUL', 'A BUD - SER', 'F ANK - BLA', 'A BUL S A TRI - SER', 'F CON S F ANK - BLA']}","{'A ALB': ['bounce'], 'F NTH': ['cut'], 'F ENG': [], 'A NWY': ['cut'], 'F IRI': [], 'F BRE': [], 'A MAR': [], 'F MAO': [], 'A BUR': ['cut'], 'A PIC': ['bounce'], 'A MUN': ['bounce'], 'F SWE': ['bounce'], 'F SKA': [], 'F DEN': ['bounce'], 'A RUH': [], 'A BER': ['bounce'], 'A BEL': ['cut'], 'A VEN': ['cut'], 'F SEV': ['bounce'], 'A STP': [], 'A TRI': ['cut'], 'A PRU': ['cut'], 'A GAL': [], 'A SER': [], 'A RUM': [], 'A WAR': [], 'F ANK': [], 'A APU': ['bounce'], 'A BUL': ['void'], 'F TYS': [], 'A BUD': ['bounce', 'dislodged'], 'F NAP': [], 'F GRE': [], 'F CON': []}","[{'sender': 'GERMANY', 'recipient': 'AUSTRIA', 'time_sent': 1654638168559865, 'phase': 'S1906M', 'message': 'XDO (A ALB S A TRI)'}, {'sender': 'GERMANY', 'recipient': 'ENGLAND', 'time_sent': 1654638168567890, 'phase': 'S1906M', 'message': 'ORR (XDO (F IRI - WAL)) (XDO (A NWY S A PIC - SWE))'}, {'sender': 'GERMANY', 'recipient': 'FRANCE', 'time_sent': 1654638168573273, 'phase': 'S1906M', 'message': 'ORR (XDO (F BRE S F IRI - MAO)) (XDO (A BUR S A BEL - PIC)) (XDO (F MAO - POR)) (XDO (A MAR S F BRE - GAS)) (XDO (A PIC - DEN VIA))'}, {'sender': 'GERMANY', 'recipient': 'ITALY', 'time_sent': 1654638168576911, 'phase': 'S1906M', 'message': 'XDO (A VEN S A TRI)'}, {'sender': 'GERMANY', 'recipient': 'RUSSIA', 'time_sent': 1654638168585805, 'phase': 'S1906M', 'message': 'ORR (XDO (A GAL - UKR)) (XDO (A RUM S A SER - BUD)) (XDO (A SER S F GRE - BUL/SC)) (XDO (F SEV S A SER - RUM)) (XDO (A STP - NWY)) (XDO (A TRI S A GAL - BUD)) (XDO (A WAR S A RUM - GAL))'}, {'sender': 'GERMANY', 'recipient': 'TURKEY', 'time_sent': 1654638168593304, 'phase': 'S1906M', 'message': 'ORR (XDO (F ANK - BLA)) (XDO (A APU S F TYS - ROM)) (XDO (A BUD S A GAL - VIE)) (XDO (A BUL S A SER)) (XDO (F CON - AEG)) (XDO (F GRE - ION)) (XDO (F NAP H)) (XDO (F TYS - ROM))'}, {'sender': 'ITALY', 'recipient': 'GERMANY', 'time_sent': 1654638168593475, 'phase': 'S1906M', 'message': 'YES (XDO (A VEN S A TRI))'}]"
S1906R,"{'timestamp': 1654638170775325, 'zobrist_hash': '8882933693269420372', 'note': '', 'name': 'S1906R', 'units': {'AUSTRIA': ['A ALB'], 'ENGLAND': ['F NTH', 'F ENG', 'A NWY', 'F IRI'], 'FRANCE': ['F BRE', 'A MAR', 'F MAO', 'A BUR', 'A PIC'], 'GERMANY': ['A MUN', 'F SWE', 'F SKA', 'F DEN', 'A RUH', 'A BER', 'A BEL'], 'ITALY': ['A VEN'], 'RUSSIA': ['F SEV', 'A STP', 'A TRI', 'A PRU', 'A GAL', 'A SER', 'A BUD', 'A SIL'], 'TURKEY': ['A APU', 'A BUL', 'F GRE', 'F CON', 'F BLA', 'F WES', 'F TYS', '*A BUD']}, 'retreats': {'AUSTRIA': {}, 'ENGLAND': {}, 'FRANCE': {}, 'GERMANY': {}, 'ITALY': {}, 'RUSSIA': {}, 'TURKEY': {'A BUD': ['VIE']}}, 'centers': {'AUSTRIA': ['ROM'], 'ENGLAND': ['EDI', 'LON', 'LVP', 'NWY'], 'FRANCE': ['BRE', 'MAR', 'PAR', 'SPA', 'POR'], 'GERMANY': ['BER', 'KIE', 'MUN', 'DEN', 'HOL', 'SWE', 'BEL'], 'ITALY': ['VEN'], 'RUSSIA': ['MOS', 'SEV', 'STP', 'WAR', 'VIE', 'TRI', 'SER', 'RUM'], 'TURKEY': ['ANK', 'CON', 'SMY', 'BUL', 'GRE', 'TUN', 'NAP', 'BUD']}, 'homes': {'AUSTRIA': ['BUD', 'TRI', 'VIE'], 'ENGLAND': ['EDI', 'LON', 'LVP'], 'FRANCE': ['BRE', 'MAR', 'PAR'], 'GERMANY': ['BER', 'KIE', 'MUN'], 'ITALY': ['NAP', 'ROM', 'VEN'], 'RUSSIA': ['MOS', 'SEV', 'STP', 'WAR'], 'TURKEY': ['ANK', 'CON', 'SMY']}, 'influence': {'AUSTRIA': ['ROM', 'ALB'], 'ENGLAND': ['EDI', 'LON', 'LVP', 'NTH', 'ENG', 'YOR', 'NWY', 'IRI'], 'FRANCE': ['BRE', 'MAR', 'SPA', 'GAS', 'PAR', 'POR', 'MAO', 'BUR', 'PIC'], 'GERMANY': ['MUN', 'BAL', 'SWE', 'SKA', 'DEN', 'RUH', 'KIE', 'HOL', 'BER', 'BEL'], 'ITALY': ['TYR', 'VEN'], 'RUSSIA': ['MOS', 'SEV', 'STP', 'BOT', 'VIE', 'WAR', 'TRI', 'LVN', 'PRU', 'GAL', 'UKR', 'SER', 'RUM', 'BUD', 'SIL'], 'TURKEY': ['ANK', 'SMY', 'CON', 'APU', 'TUN', 'BUL', 'ION', 'AEG', 'NAP', 'GRE', 'BLA', 'WES', 'TYS']}, 'civil_disorder': {'AUSTRIA': 0, 'ENGLAND': 0, 'FRANCE': 0, 'GERMANY': 0, 'ITALY': 0, 'RUSSIA': 0, 'TURKEY': 0}, 'builds': {'AUSTRIA': {'count': 0, 'homes': []}, 'ENGLAND': {'count': 0, 'homes': []}, 'FRANCE': {'count': 0, 'homes': []}, 'GERMANY': {'count': 0, 'homes': []}, 'ITALY': {'count': 0, 'homes': []}, 'RUSSIA': {'count': 0, 'homes': []}, 'TURKEY': {'count': 0, 'homes': []}}, 'game_id': 'Wtvk9s8R5yKQ-Ulr', 'map': 'standard', 'rules': ['POWER_CHOICE']}","{'AUSTRIA': [], 'ENGLAND': [], 'FRANCE': [], 'GERMANY': [], 'ITALY': [], 'RUSSIA': [], 'TURKEY': ['A BUD R VIE']}","{'A BUD': [], 'A VEN': ['void']}",[]
F1906M,"{'timestamp': 1654638172749671, 'zobrist_hash': '1071031882844625294', 'note': '', 'name': 'F1906M', 'units': {'AUSTRIA': ['A ALB'], 'ENGLAND': ['F NTH', 'F ENG', 'A NWY', 'F IRI'], 'FRANCE': ['F BRE', 'A MAR', 'F MAO', 'A BUR', 'A PIC'], 'GERMANY': ['A MUN', 'F SWE', 'F SKA', 'F DEN', 'A RUH', 'A BER', 'A BEL'], 'ITALY': ['A VEN'], 'RUSSIA': ['F SEV', 'A STP', 'A TRI', 'A PRU', 'A GAL', 'A SER', 'A BUD', 'A SIL'], 'TURKEY': ['A APU', 'A BUL', 'F GRE', 'F CON', 'F BLA', 'F WES', 'F TYS', 'A VIE']}, 'retreats': {'AUSTRIA': {}, 'ENGLAND': {}, 'FRANCE': {}, 'GERMANY': {}, 'ITALY': {}, 'RUSSIA': {}, 'TURKEY': {}}, 'centers': {'AUSTRIA': ['ROM'], 'ENGLAND': ['EDI', 'LON', 'LVP', 'NWY'], 'FRANCE': ['BRE', 'MAR', 'PAR', 'SPA', 'POR'], 'GERMANY': ['BER', 'KIE', 'MUN', 'DEN', 'HOL', 'SWE', 'BEL'], 'ITALY': ['VEN'], 'RUSSIA': ['MOS', 'SEV', 'STP', 'WAR', 'VIE', 'TRI', 'SER', 'RUM'], 'TURKEY': ['ANK', 'CON', 'SMY', 'BUL', 'GRE', 'TUN', 'NAP', 'BUD']}, 'homes': {'AUSTRIA': ['BUD', 'TRI', 'VIE'], 'ENGLAND': ['EDI', 'LON', 'LVP'], 'FRANCE': ['BRE', 'MAR', 'PAR'], 'GERMANY': ['BER', 'KIE', 'MUN'], 'ITALY': ['NAP', 'ROM', 'VEN'], 'RUSSIA': ['MOS', 'SEV', 'STP', 'WAR'], 'TURKEY': ['ANK', 'CON', 'SMY']}, 'influence': {'AUSTRIA': ['ROM', 'ALB'], 'ENGLAND': ['EDI', 'LON', 'LVP', 'NTH', 'ENG', 'YOR', 'NWY', 'IRI'], 'FRANCE': ['BRE', 'MAR', 'SPA', 'GAS', 'PAR', 'POR', 'MAO', 'BUR', 'PIC'], 'GERMANY': ['MUN', 'BAL', 'SWE', 'SKA', 'DEN', 'RUH', 'KIE', 'HOL', 'BER', 'BEL'], 'ITALY': ['TYR', 'VEN'], 'RUSSIA': ['MOS', 'SEV', 'STP', 'BOT', 'WAR', 'TRI', 'LVN', 'PRU', 'GAL', 'UKR', 'SER', 'RUM', 'BUD', 'SIL'], 'TURKEY': ['ANK', 'SMY', 'CON', 'APU', 'TUN', 'BUL', 'ION', 'AEG', 'NAP', 'GRE', 'BLA', 'WES', 'TYS', 'VIE']}, 'civil_disorder': {'AUSTRIA': 0, 'ENGLAND': 0, 'FRANCE': 0, 'GERMANY': 0, 'ITALY': 0, 'RUSSIA': 0, 'TURKEY': 0}, 'builds': {'AUSTRIA': {'count': 0, 'homes': []}, 'ENGLAND': {'count': 0, 'homes': []}, 'FRANCE': {'count': 0, 'homes': []}, 'GERMANY': {'count': 0, 'homes': []}, 'ITALY': {'count': 0, 'homes': []}, 'RUSSIA': {'count': 0, 'homes': []}, 'TURKEY': {'count': 0, 'homes': []}}, 'game_id': 'Wtvk9s8R5yKQ-Ulr', 'map': 'standard', 'rules': ['POWER_CHOICE']}","{'AUSTRIA': ['A ALB - TRI'], 'ENGLAND': ['F NTH S A NWY', 'F ENG S F NTH', 'F IRI S F ENG', 'A NWY S A STP'], 'FRANCE': ['F BRE S F MAO', 'F MAO S A MAR - SPA', 'A PIC - BEL', 'A BUR - MUN', 'A MAR - SPA'], 'GERMANY': ['A BEL - HOL', 'F DEN - NTH', 'F SKA - NWY', 'A RUH S A BEL', 'F SWE S F SKA - NWY', 'A MUN S A BER', 'A BER H'], 'ITALY': ['A VEN S A TRI'], 'RUSSIA': ['A STP S A NWY', 'A PRU - BER', 'A SIL S A PRU - BER', 'F SEV S A GAL - RUM', 'A GAL - VIE', 'A TRI S A GAL - VIE', 'A BUD S A GAL - VIE', 'A SER S A ALB - GRE'], 'TURKEY': ['F WES - SPA/SC', 'F TYS - ROM', 'A VIE - TRI', 'F BLA S A BUL - RUM', 'A APU - VEN', 'F GRE - ION', 'A BUL - RUM', 'F CON - AEG']}","{'A ALB': ['bounce'], 'F NTH': ['cut'], 'F ENG': [], 'A NWY': ['cut'], 'F IRI': [], 'F BRE': [], 'A MAR': [], 'F MAO': [], 'A BUR': ['bounce'], 'A PIC': [], 'A MUN': ['cut'], 'F SWE': [], 'F SKA': ['bounce'], 'F DEN': ['bounce'], 'A RUH': ['void'], 'A BER': ['dislodged'], 'A BEL': [], 'A VEN': ['cut'], 'F SEV': ['void'], 'A STP': [], 'A TRI': ['cut'], 'A PRU': [], 'A GAL': [], 'A SER': ['void'], 'A BUD': [], 'A SIL': [], 'A APU': ['bounce'], 'A BUL': [], 'F GRE': [], 'F CON': [], 'F BLA': [], 'F WES': ['bounce'], 'F TYS': [], 'A VIE': ['bounce', 'dislodged']}","[{'sender': 'GERMANY', 'recipient': 'AUSTRIA', 'time_sent': 1654638171077789, 'phase': 'F1906M', 'message': 'XDO (A ALB S A SER)'}, {'sender': 'GERMANY', 'recipient': 'ENGLAND', 'time_sent': 1654638171084381, 'phase': 'F1906M', 'message': 'ORR (XDO (F ENG C A BEL - GAS)) (XDO (F IRI S A BEL - WAL)) (XDO (F NTH S A BEL - HOL)) (XDO (A NWY S A PIC - SWE))'}, {'sender': 'GERMANY', 'recipient': 'FRANCE', 'time_sent': 1654638171091530, 'phase': 'F1906M', 'message': 'ORR (XDO (F BRE S F IRI - MAO)) (XDO (A BUR H)) (XDO (F MAO S F WES)) (XDO (A MAR S F BRE - GAS)) (XDO (A PIC - DEN VIA))'}, {'sender': 'GERMANY', 'recipient': 'ITALY', 'time_sent': 1654638171096331, 'phase': 'F1906M', 'message': 'XDO (A VEN S A TRI)'}, {'sender': 'GERMANY', 'recipient': 'RUSSIA', 'time_sent': 1654638171105033, 'phase': 'F1906M', 'message': 'ORR (XDO (A BUD S A TRI - VIE)) (XDO (A GAL S A SIL)) (XDO (A PRU - BER)) (XDO (A SER S F GRE - ALB)) (XDO (F SEV S F BLA - RUM)) (XDO (A SIL - WAR)) (XDO (A STP S A NWY - FIN)) (XDO (A TRI S A GAL - BUD))'}, {'sender': 'GERMANY', 'recipient': 'TURKEY', 'time_sent': 1654638171114706, 'phase': 'F1906M', 'message': 'ORR (XDO (A APU - ROM)) (XDO (A BUL S A SER)) (XDO (F CON - AEG)) (XDO (F GRE S A TRI - ALB)) (XDO (F TYS S A NWY - TUN)) (XDO (A VIE - TRI)) (XDO (F WES S A PIC - NAF))'}, {'sender': 'ITALY', 'recipient': 'GERMANY', 'time_sent': 1654638171114937, 'phase': 'F1906M', 'message': 'YES (XDO (A VEN S A TRI))'}]"
F1906R,"{'timestamp': 1654638173573694, 'zobrist_hash': '8622691524976835701', 'note': '', 'name': 'F1906R', 'units': {'AUSTRIA': ['A ALB'], 'ENGLAND': ['F NTH', 'F ENG', 'A NWY', 'F IRI'], 'FRANCE': ['F BRE', 'F MAO', 'A BUR', 'A SPA', 'A BEL'], 'GERMANY': ['A MUN', 'F SWE', 'F SKA', 'F DEN', 'A RUH', 'A HOL', '*A BER'], 'ITALY': ['A VEN'], 'RUSSIA': ['F SEV', 'A STP', 'A TRI', 'A SER', 'A BUD', 'A SIL', 'A BER', 'A VIE'], 'TURKEY': ['A APU', 'F BLA', 'F WES', 'A RUM', 'F ION', 'F AEG', 'F ROM', '*A VIE']}, 'retreats': {'AUSTRIA': {}, 'ENGLAND': {}, 'FRANCE': {}, 'GERMANY': {'A BER': ['KIE']}, 'ITALY': {}, 'RUSSIA': {}, 'TURKEY': {'A VIE': ['BOH', 'TYR']}}, 'centers': {'AUSTRIA': ['ROM'], 'ENGLAND': ['EDI', 'LON', 'LVP', 'NWY'], 'FRANCE': ['BRE', 'MAR', 'PAR', 'SPA', 'POR'], 'GERMANY': ['BER', 'KIE', 'MUN', 'DEN', 'HOL', 'SWE', 'BEL'], 'ITALY': ['VEN'], 'RUSSIA': ['MOS', 'SEV', 'STP', 'WAR', 'VIE', 'TRI', 'SER', 'RUM'], 'TURKEY': ['ANK', 'CON', 'SMY', 'BUL', 'GRE', 'TUN', 'NAP', 'BUD']}, 'homes': {'AUSTRIA': ['BUD', 'TRI', 'VIE'], 'ENGLAND': ['EDI', 'LON', 'LVP'], 'FRANCE': ['BRE', 'MAR', 'PAR'], 'GERMANY': ['BER', 'KIE', 'MUN'], 'ITALY': ['NAP', 'ROM', 'VEN'], 'RUSSIA': ['MOS', 'SEV', 'STP', 'WAR'], 'TURKEY': ['ANK', 'CON', 'SMY']}, 'influence': {'AUSTRIA': ['ALB'], 'ENGLAND': ['EDI', 'LON', 'LVP', 'NTH', 'ENG', 'YOR', 'NWY', 'IRI'], 'FRANCE': ['BRE', 'MAR', 'GAS', 'PAR', 'POR', 'MAO', 'BUR', 'PIC', 'SPA', 'BEL'], 'GERMANY': ['MUN', 'BAL', 'SWE', 'SKA', 'DEN', 'RUH', 'KIE', 'HOL'], 'ITALY': ['TYR', 'VEN'], 'RUSSIA': ['MOS', 'SEV', 'STP', 'BOT', 'WAR', 'TRI', 'LVN', 'PRU', 'GAL', 'UKR', 'SER', 'BUD', 'SIL', 'BER', 'VIE'], 'TURKEY': ['ANK', 'SMY', 'CON', 'APU', 'TUN', 'BUL', 'NAP', 'GRE', 'BLA', 'WES', 'TYS', 'RUM', 'ION', 'AEG', 'ROM']}, 'civil_disorder': {'AUSTRIA': 0, 'ENGLAND': 0, 'FRANCE': 0, 'GERMANY': 0, 'ITALY': 0, 'RUSSIA': 0, 'TURKEY': 0}, 'builds': {'AUSTRIA': {'count': 0, 'homes': []}, 'ENGLAND': {'count': 0, 'homes': []}, 'FRANCE': {'count': 0, 'homes': []}, 'GERMANY': {'count': 0, 'homes': []}, 'ITALY': {'count': 0, 'homes': []}, 'RUSSIA': {'count': 0, 'homes': []}, 'TURKEY': {'count': 0, 'homes': []}}, 'game_id': 'Wtvk9s8R5yKQ-Ulr', 'map': 'standard', 'rules': ['POWER_CHOICE']}","{'AUSTRIA': [], 'ENGLAND': [], 'FRANCE': [], 'GERMANY': ['A BER R KIE'], 'ITALY': [], 'RUSSIA': [], 'TURKEY': ['A VIE R TYR']}","{'A BER': [], 'A VIE': [], 'A VEN': ['void']}",[]
W1906A,"{'timestamp': 1654638175192420, 'zobrist_hash': '5375480863610622502', 'note': '', 'name': 'W1906A', 'units': {'AUSTRIA': ['A ALB'], 'ENGLAND': ['F NTH', 'F ENG', 'A NWY', 'F IRI'], 'FRANCE': ['F BRE', 'F MAO', 'A BUR', 'A SPA', 'A BEL'], 'GERMANY': ['A MUN', 'F SWE', 'F SKA', 'F DEN', 'A RUH', 'A HOL', 'A KIE'], 'ITALY': ['A VEN'], 'RUSSIA': ['F SEV', 'A STP', 'A TRI', 'A SER', 'A BUD', 'A SIL', 'A BER', 'A VIE'], 'TURKEY': ['A APU', 'F BLA', 'F WES', 'A RUM', 'F ION', 'F AEG', 'F ROM', 'A TYR']}, 'retreats': {'AUSTRIA': {}, 'ENGLAND': {}, 'FRANCE': {}, 'GERMANY': {}, 'ITALY': {}, 'RUSSIA': {}, 'TURKEY': {}}, 'centers': {'AUSTRIA': [], 'ENGLAND': ['EDI', 'LON', 'LVP', 'NWY'], 'FRANCE': ['BRE', 'MAR', 'PAR', 'SPA', 'POR', 'BEL'], 'GERMANY': ['KIE', 'MUN', 'DEN', 'HOL', 'SWE'], 'ITALY': ['VEN'], 'RUSSIA': ['MOS', 'SEV', 'STP', 'WAR', 'VIE', 'TRI', 'SER', 'BER', 'BUD'], 'TURKEY': ['ANK', 'CON', 'SMY', 'BUL', 'GRE', 'TUN', 'NAP', 'ROM', 'RUM']}, 'homes': {'AUSTRIA': ['BUD', 'TRI', 'VIE'], 'ENGLAND': ['EDI', 'LON', 'LVP'], 'FRANCE': ['BRE', 'MAR', 'PAR'], 'GERMANY': ['BER', 'KIE', 'MUN'], 'ITALY': ['NAP', 'ROM', 'VEN'], 'RUSSIA': ['MOS', 'SEV', 'STP', 'WAR'], 'TURKEY': ['ANK', 'CON', 'SMY']}, 'influence': {'AUSTRIA': ['ALB'], 'ENGLAND': ['EDI', 'LON', 'LVP', 'NTH', 'ENG', 'YOR', 'NWY', 'IRI'], 'FRANCE': ['BRE', 'MAR', 'GAS', 'PAR', 'POR', 'MAO', 'BUR', 'PIC', 'SPA', 'BEL'], 'GERMANY': ['MUN', 'BAL', 'SWE', 'SKA', 'DEN', 'RUH', 'HOL', 'KIE'], 'ITALY': ['VEN'], 'RUSSIA': ['MOS', 'SEV', 'STP', 'BOT', 'WAR', 'TRI', 'LVN', 'PRU', 'GAL', 'UKR', 'SER', 'BUD', 'SIL', 'BER', 'VIE'], 'TURKEY': ['ANK', 'SMY', 'CON', 'APU', 'TUN', 'BUL', 'NAP', 'GRE', 'BLA', 'WES', 'TYS', 'RUM', 'ION', 'AEG', 'ROM', 'TYR']}, 'civil_disorder': {'AUSTRIA': 0, 'ENGLAND': 0, 'FRANCE': 0, 'GERMANY': 0, 'ITALY': 0, 'RUSSIA': 0, 'TURKEY': 0}, 'builds': {'AUSTRIA': {'count': -1, 'homes': []}, 'ENGLAND': {'count': 0, 'homes': []}, 'FRANCE': {'count': 1, 'homes': ['MAR', 'PAR']}, 'GERMANY': {'count': -2, 'homes': []}, 'ITALY': {'count': 0, 'homes': []}, 'RUSSIA': {'count': 1, 'homes': ['MOS', 'WAR']}, 'TURKEY': {'count': 1, 'homes': ['ANK', 'CON', 'SMY']}}, 'game_id': 'Wtvk9s8R5yKQ-Ulr', 'map': 'standard', 'rules': ['POWER_CHOICE']}","{'AUSTRIA': ['A ALB D'], 'ENGLAND': [], 'FRANCE': ['F MAR B'], 'GERMANY': ['F SKA D', 'F SWE D'], 'ITALY': [], 'RUSSIA': ['A MOS B'], 'TURKEY': ['A CON B']}","{'A ALB': [''], 'F MAR': [''], 'F SKA': [''], 'F SWE': [''], 'A VEN': ['void'], 'A MOS': [''], 'A CON': ['']}",[]
S1907M,"{'timestamp': 1654638176912398, 'zobrist_hash': '4290938849284596471', 'note': '', 'name': 'S1907M', 'units': {'AUSTRIA': [], 'ENGLAND': ['F NTH', 'F ENG', 'A NWY', 'F IRI'], 'FRANCE': ['F BRE', 'F MAO', 'A BUR', 'A SPA', 'A BEL', 'F MAR'], 'GERMANY': ['A MUN', 'F DEN', 'A RUH', 'A HOL', 'A KIE'], 'ITALY': ['A VEN'], 'RUSSIA': ['F SEV', 'A STP', 'A TRI', 'A SER', 'A BUD', 'A SIL', 'A BER', 'A VIE', 'A MOS'], 'TURKEY': ['A APU', 'F BLA', 'F WES', 'A RUM', 'F ION', 'F AEG', 'F ROM', 'A TYR', 'A CON']}, 'retreats': {'AUSTRIA': {}, 'ENGLAND': {}, 'FRANCE': {}, 'GERMANY': {}, 'ITALY': {}, 'RUSSIA': {}, 'TURKEY': {}}, 'centers': {'AUSTRIA': [], 'ENGLAND': ['EDI', 'LON', 'LVP', 'NWY'], 'FRANCE': ['BRE', 'MAR', 'PAR', 'SPA', 'POR', 'BEL'], 'GERMANY': ['KIE', 'MUN', 'DEN', 'HOL', 'SWE'], 'ITALY': ['VEN'], 'RUSSIA': ['MOS', 'SEV', 'STP', 'WAR', 'VIE', 'TRI', 'SER', 'BER', 'BUD'], 'TURKEY': ['ANK', 'CON', 'SMY', 'BUL', 'GRE', 'TUN', 'NAP', 'ROM', 'RUM']}, 'homes': {'AUSTRIA': ['BUD', 'TRI', 'VIE'], 'ENGLAND': ['EDI', 'LON', 'LVP'], 'FRANCE': ['BRE', 'MAR', 'PAR'], 'GERMANY': ['BER', 'KIE', 'MUN'], 'ITALY': ['NAP', 'ROM', 'VEN'], 'RUSSIA': ['MOS', 'SEV', 'STP', 'WAR'], 'TURKEY': ['ANK', 'CON', 'SMY']}, 'influence': {'AUSTRIA': ['ALB'], 'ENGLAND': ['EDI', 'LON', 'LVP', 'NTH', 'ENG', 'YOR', 'NWY', 'IRI'], 'FRANCE': ['BRE', 'MAR', 'GAS', 'PAR', 'POR', 'MAO', 'BUR', 'PIC', 'SPA', 'BEL'], 'GERMANY': ['MUN', 'BAL', 'SWE', 'SKA', 'DEN', 'RUH', 'HOL', 'KIE'], 'ITALY': ['VEN'], 'RUSSIA': ['MOS', 'SEV', 'STP', 'BOT', 'WAR', 'TRI', 'LVN', 'PRU', 'GAL', 'UKR', 'SER', 'BUD', 'SIL', 'BER', 'VIE'], 'TURKEY': ['ANK', 'SMY', 'CON', 'APU', 'TUN', 'BUL', 'NAP', 'GRE', 'BLA', 'WES', 'TYS', 'RUM', 'ION', 'AEG', 'ROM', 'TYR']}, 'civil_disorder': {'AUSTRIA': 0, 'ENGLAND': 0, 'FRANCE': 0, 'GERMANY': 0, 'ITALY': 0, 'RUSSIA': 0, 'TURKEY': 0}, 'builds': {'AUSTRIA': {'count': 0, 'homes': []}, 'ENGLAND': {'count': 0, 'homes': []}, 'FRANCE': {'count': 0, 'homes': []}, 'GERMANY': {'count': 0, 'homes': []}, 'ITALY': {'count': 0, 'homes': []}, 'RUSSIA': {'count': 0, 'homes': []}, 'TURKEY': {'count': 0, 'homes': []}}, 'game_id': 'Wtvk9s8R5yKQ-Ulr', 'map': 'standard', 'rules': ['POWER_CHOICE']}","{'AUSTRIA': [], 'ENGLAND': ['F NTH - DEN', 'F ENG - NTH', 'F IRI S F ENG', 'A NWY - SWE'], 'FRANCE': ['A BEL - RUH', 'F BRE S F MAO', 'F MAO H', 'A BUR S A BEL - RUH', 'A SPA H', 'F MAR - LYO'], 'GERMANY': ['F DEN - SWE', 'A HOL - BEL', 'A RUH S A HOL - BEL', 'A KIE - BER', 'A MUN - BUR'], 'ITALY': ['A VEN S A TRI'], 'RUSSIA': ['A STP - FIN', 'A BER S A SIL - MUN', 'A MOS - UKR', 'A SIL - MUN', 'F SEV S A BUD - RUM', 'A VIE - GAL', 'A TRI S A TYR - VEN', 'A BUD - RUM', 'A SER S A BUD - RUM'], 'TURKEY': ['F WES - MAO', 'A TYR S A VEN - TRI', 'F ION C A APU - GRE', 'F ROM - TYS', 'F BLA S A CON - BUL', 'A RUM - SER', 'F AEG S A APU - GRE', 'A APU - GRE VIA', 'A CON - BUL']}","{'F NTH': ['bounce'], 'F ENG': ['bounce'], 'A NWY': ['bounce'], 'F IRI': ['void'], 'F BRE': [], 'F MAO': [], 'A BUR': ['cut'], 'A SPA': [], 'A BEL': ['bounce', 'dislodged'], 'F MAR': [], 'A MUN': ['bounce'], 'F DEN': ['bounce'], 'A RUH': [], 'A HOL': [], 'A KIE': ['bounce'], 'A VEN': [], 'F SEV': [], 'A STP': [], 'A TRI': ['void'], 'A SER': [], 'A BUD': [], 'A SIL': ['bounce'], 'A BER': ['cut'], 'A VIE': [], 'A MOS': [], 'A APU': [], 'F BLA': [], 'F WES': ['bounce'], 'A RUM': ['bounce', 'dislodged'], 'F ION': [], 'F AEG': [], 'F ROM': [], 'A TYR': ['void'], 'A CON': []}","[{'sender': 'GERMANY', 'recipient': 'ENGLAND', 'time_sent': 1654638175505329, 'phase': 'S1907M', 'message': 'ORR (XDO (F ENG C A BEL - TUN)) (XDO (F IRI S F WES - MAO)) (XDO (A NWY - POR VIA))'}, {'sender': 'GERMANY', 'recipient': 'FRANCE', 'time_sent': 1654638175512881, 'phase': 'S1907M', 'message': 'ORR (XDO (A BEL - PIC)) (XDO (F BRE S F IRI - MAO)) (XDO (A BUR S A SPA - PIC)) (XDO (F MAO - POR)) (XDO (F MAR - PIE)) (XDO (A SPA S A BEL - POR))'}, {'sender': 'GERMANY', 'recipient': 'ITALY', 'time_sent': 1654638175517929, 'phase': 'S1907M', 'message': 'XDO (A VEN S A TRI)'}, {'sender': 'GERMANY', 'recipient': 'RUSSIA', 'time_sent': 1654638175529100, 'phase': 'S1907M', 'message': 'ORR (XDO (A BER - KIE)) (XDO (A BUD S A TRI - VIE)) (XDO (A MOS - LVN)) (XDO (A SER S A VIE - BUD)) (XDO (F SEV S F BLA - RUM)) (XDO (A SIL S A TYR - MUN)) (XDO (A STP - NWY)) (XDO (A TRI S A VEN)) (XDO (A VIE S A TYR))'}, {'sender': 'GERMANY', 'recipient': 'TURKEY', 'time_sent': 1654638175541113, 'phase': 'S1907M', 'message': 'ORR (XDO (F AEG C A CON - ALB)) (XDO (A APU S A TRI - VEN)) (XDO (F BLA C A RUM - BUL)) (XDO (A CON S F BLA - BUL)) (XDO (F ION - AEG)) (XDO (F ROM S A VEN - TUS)) (XDO (A RUM S A SER - BUD)) (XDO (A TYR S A RUH - MUN)) (XDO (F WES S F MAO))'}, {'sender': 'ITALY', 'recipient': 'GERMANY', 'time_sent': 1654638175541334, 'phase': 'S1907M', 'message': 'YES (XDO (A VEN S A TRI))'}]"
S1907R,"{'timestamp': 1654638177461162, 'zobrist_hash': '1644903394157061036', 'note': '', 'name': 'S1907R', 'units': {'AUSTRIA': [], 'ENGLAND': ['F NTH', 'F ENG', 'A NWY', 'F IRI'], 'FRANCE': ['F BRE', 'F MAO', 'A BUR', 'A SPA', 'F LYO', '*A BEL'], 'GERMANY': ['A MUN', 'F DEN', 'A RUH', 'A KIE', 'A BEL'], 'ITALY': ['A VEN'], 'RUSSIA': ['F SEV', 'A TRI', 'A SER', 'A SIL', 'A BER', 'A FIN', 'A RUM', 'A GAL', 'A UKR'], 'TURKEY': ['F BLA', 'F WES', 'F ION', 'F AEG', 'A TYR', 'A GRE', 'F TYS', 'A BUL']}, 'retreats': {'AUSTRIA': {}, 'ENGLAND': {}, 'FRANCE': {'A BEL': ['PIC']}, 'GERMANY': {}, 'ITALY': {}, 'RUSSIA': {}, 'TURKEY': {}}, 'centers': {'AUSTRIA': [], 'ENGLAND': ['EDI', 'LON', 'LVP', 'NWY'], 'FRANCE': ['BRE', 'MAR', 'PAR', 'SPA', 'POR', 'BEL'], 'GERMANY': ['KIE', 'MUN', 'DEN', 'HOL', 'SWE'], 'ITALY': ['VEN'], 'RUSSIA': ['MOS', 'SEV', 'STP', 'WAR', 'VIE', 'TRI', 'SER', 'BER', 'BUD'], 'TURKEY': ['ANK', 'CON', 'SMY', 'BUL', 'GRE', 'TUN', 'NAP', 'ROM', 'RUM']}, 'homes': {'AUSTRIA': ['BUD', 'TRI', 'VIE'], 'ENGLAND': ['EDI', 'LON', 'LVP'], 'FRANCE': ['BRE', 'MAR', 'PAR'], 'GERMANY': ['BER', 'KIE', 'MUN'], 'ITALY': ['NAP', 'ROM', 'VEN'], 'RUSSIA': ['MOS', 'SEV', 'STP', 'WAR'], 'TURKEY': ['ANK', 'CON', 'SMY']}, 'influence': {'AUSTRIA': ['ALB'], 'ENGLAND': ['EDI', 'LON', 'LVP', 'NTH', 'ENG', 'YOR', 'NWY', 'IRI'], 'FRANCE': ['BRE', 'MAR', 'GAS', 'PAR', 'POR', 'MAO', 'BUR', 'PIC', 'SPA', 'LYO'], 'GERMANY': ['MUN', 'BAL', 'SWE', 'SKA', 'DEN', 'RUH', 'HOL', 'KIE', 'BEL'], 'ITALY': ['VEN'], 'RUSSIA': ['MOS', 'SEV', 'STP', 'BOT', 'WAR', 'TRI', 'LVN', 'PRU', 'SER', 'BUD', 'SIL', 'BER', 'VIE', 'FIN', 'RUM', 'GAL', 'UKR'], 'TURKEY': ['ANK', 'SMY', 'CON', 'APU', 'TUN', 'NAP', 'BLA', 'WES', 'ION', 'AEG', 'ROM', 'TYR', 'GRE', 'TYS', 'BUL']}, 'civil_disorder': {'AUSTRIA': 0, 'ENGLAND': 0, 'FRANCE': 0, 'GERMANY': 0, 'ITALY': 0, 'RUSSIA': 0, 'TURKEY': 0}, 'builds': {'AUSTRIA': {'count': 0, 'homes': []}, 'ENGLAND': {'count': 0, 'homes': []}, 'FRANCE': {'count': 0, 'homes': []}, 'GERMANY': {'count': 0, 'homes': []}, 'ITALY': {'count': 0, 'homes': []}, 'RUSSIA': {'count': 0, 'homes': []}, 'TURKEY': {'count': 0, 'homes': []}}, 'game_id': 'Wtvk9s8R5yKQ-Ulr', 'map': 'standard', 'rules': ['POWER_CHOICE']}","{'AUSTRIA': [], 'ENGLAND': [], 'FRANCE': ['A BEL R PIC'], 'GERMANY': [], 'ITALY': [], 'RUSSIA': [], 'TURKEY': []}","{'A BEL': [], 'A VEN': ['void'], 'A RUM': ['disband']}",[]
F1907M,"{'timestamp': 1654638179198242, 'zobrist_hash': '5641711983420173456', 'note': '', 'name': 'F1907M', 'units': {'AUSTRIA': [], 'ENGLAND': ['F NTH', 'F ENG', 'A NWY', 'F IRI'], 'FRANCE': ['F BRE', 'F MAO', 'A BUR', 'A SPA', 'F LYO', 'A PIC'], 'GERMANY': ['A MUN', 'F DEN', 'A RUH', 'A KIE', 'A BEL'], 'ITALY': ['A VEN'], 'RUSSIA': ['F SEV', 'A TRI', 'A SER', 'A SIL', 'A BER', 'A FIN', 'A RUM', 'A GAL', 'A UKR'], 'TURKEY': ['F BLA', 'F WES', 'F ION', 'F AEG', 'A TYR', 'A GRE', 'F TYS', 'A BUL']}, 'retreats': {'AUSTRIA': {}, 'ENGLAND': {}, 'FRANCE': {}, 'GERMANY': {}, 'ITALY': {}, 'RUSSIA': {}, 'TURKEY': {}}, 'centers': {'AUSTRIA': [], 'ENGLAND': ['EDI', 'LON', 'LVP', 'NWY'], 'FRANCE': ['BRE', 'MAR', 'PAR', 'SPA', 'POR', 'BEL'], 'GERMANY': ['KIE', 'MUN', 'DEN', 'HOL', 'SWE'], 'ITALY': ['VEN'], 'RUSSIA': ['MOS', 'SEV', 'STP', 'WAR', 'VIE', 'TRI', 'SER', 'BER', 'BUD'], 'TURKEY': ['ANK', 'CON', 'SMY', 'BUL', 'GRE', 'TUN', 'NAP', 'ROM', 'RUM']}, 'homes': {'AUSTRIA': ['BUD', 'TRI', 'VIE'], 'ENGLAND': ['EDI', 'LON', 'LVP'], 'FRANCE': ['BRE', 'MAR', 'PAR'], 'GERMANY': ['BER', 'KIE', 'MUN'], 'ITALY': ['NAP', 'ROM', 'VEN'], 'RUSSIA': ['MOS', 'SEV', 'STP', 'WAR'], 'TURKEY': ['ANK', 'CON', 'SMY']}, 'influence': {'AUSTRIA': ['ALB'], 'ENGLAND': ['EDI', 'LON', 'LVP', 'NTH', 'ENG', 'YOR', 'NWY', 'IRI'], 'FRANCE': ['BRE', 'MAR', 'GAS', 'PAR', 'POR', 'MAO', 'BUR', 'SPA', 'LYO', 'PIC'], 'GERMANY': ['MUN', 'BAL', 'SWE', 'SKA', 'DEN', 'RUH', 'HOL', 'KIE', 'BEL'], 'ITALY': ['VEN'], 'RUSSIA': ['MOS', 'SEV', 'STP', 'BOT', 'WAR', 'TRI', 'LVN', 'PRU', 'SER', 'BUD', 'SIL', 'BER', 'VIE', 'FIN', 'RUM', 'GAL', 'UKR'], 'TURKEY': ['ANK', 'SMY', 'CON', 'APU', 'TUN', 'NAP', 'BLA', 'WES', 'ION', 'AEG', 'ROM', 'TYR', 'GRE', 'TYS', 'BUL']}, 'civil_disorder': {'AUSTRIA': 0, 'ENGLAND': 0, 'FRANCE': 0, 'GERMANY': 0, 'ITALY': 0, 'RUSSIA': 0, 'TURKEY': 0}, 'builds': {'AUSTRIA': {'count': 0, 'homes': []}, 'ENGLAND': {'count': 0, 'homes': []}, 'FRANCE': {'count': 0, 'homes': []}, 'GERMANY': {'count': 0, 'homes': []}, 'ITALY': {'count': 0, 'homes': []}, 'RUSSIA': {'count': 0, 'homes': []}, 'TURKEY': {'count': 0, 'homes': []}}, 'game_id': 'Wtvk9s8R5yKQ-Ulr', 'map': 'standard', 'rules': ['POWER_CHOICE']}","{'AUSTRIA': [], 'ENGLAND': ['F NTH - DEN', 'F ENG S F IRI - MAO', 'F IRI - MAO', 'A NWY S A FIN - SWE'], 'FRANCE': ['F BRE S F MAO', 'F MAO H', 'A PIC - BEL', 'A BUR S A PIC - BEL', 'A SPA H', 'F LYO S F MAO - WES'], 'GERMANY': ['A BEL S A RUH', 'F DEN - SWE', 'A RUH S A BEL', 'A KIE - BER', 'A MUN S A KIE - BER'], 'ITALY': ['A VEN S A TRI'], 'RUSSIA': ['A FIN - SWE', 'A BER S A SIL - MUN', 'A SIL - MUN', 'F SEV S A UKR - RUM', 'A UKR - RUM', 'A GAL - VIE', 'A TRI S A SER', 'A RUM - BUL', 'A SER S A RUM - BUL'], 'TURKEY': ['F WES S F TYS - LYO', 'F TYS - ROM', 'A TYR - VEN', 'F ION - ADR', 'F BLA S A BUL', 'F AEG - BUL/SC', 'A GRE - SER', 'A BUL S A GRE - SER']}","{'F NTH': ['bounce'], 'F ENG': [], 'A NWY': [], 'F IRI': ['bounce'], 'F BRE': [], 'F MAO': [], 'A BUR': [], 'A SPA': [], 'F LYO': ['void'], 'A PIC': ['bounce'], 'A MUN': ['cut'], 'F DEN': ['bounce'], 'A RUH': [], 'A KIE': ['bounce'], 'A BEL': ['cut'], 'A VEN': ['cut'], 'F SEV': ['void'], 'A TRI': [], 'A SER': ['cut'], 'A SIL': ['bounce'], 'A BER': ['cut'], 'A FIN': [], 'A RUM': ['bounce'], 'A GAL': [], 'A UKR': ['bounce'], 'F BLA': [], 'F WES': ['void'], 'F ION': [], 'F AEG': ['bounce'], 'A TYR': ['bounce'], 'A GRE': ['bounce'], 'F TYS': [], 'A BUL': ['cut']}","[{'sender': 'GERMANY', 'recipient': 'ENGLAND', 'time_sent': 1654638177773841, 'phase': 'F1907M', 'message': 'ORR (XDO (F ENG C A GRE - PIC)) (XDO (F IRI C A BUL - LVP)) (XDO (F NTH C A PIC - YOR)) (XDO (A NWY S A FIN - SWE))'}, {'sender': 'GERMANY', 'recipient': 'FRANCE', 'time_sent': 1654638177784258, 'phase': 'F1907M', 'message': 'ORR (XDO (F BRE S A NWY - GAS)) (XDO (A BUR S A SPA - PIC)) (XDO (F LYO S F MAO - SPA)) (XDO (A PIC - DEN VIA)) (XDO (A SPA S A BUL - MAR))'}, {'sender': 'GERMANY', 'recipient': 'ITALY', 'time_sent': 1654638177790847, 'phase': 'F1907M', 'message': 'XDO (A VEN S A TRI)'}, {'sender': 'GERMANY', 'recipient': 'RUSSIA', 'time_sent': 1654638177805163, 'phase': 'F1907M', 'message': 'ORR (XDO (A BER S A RUH - MUN)) (XDO (A FIN S A BUL - NWY)) (XDO (A RUM S A SER - BUD)) (XDO (A SER S A BEL - ALB)) (XDO (F SEV S A SER - RUM)) (XDO (A SIL S A GAL - WAR)) (XDO (A TRI S A GAL - BUD)) (XDO (A UKR S A RUM))'}, {'sender': 'GERMANY', 'recipient': 'TURKEY', 'time_sent': 1654638177814013, 'phase': 'F1907M', 'message': 'ORR (XDO (F AEG C A BUL - SPA)) (XDO (F BLA S A BEL - BUL)) (XDO (A BUL - LVP VIA)) (XDO (A GRE - DEN VIA)) (XDO (F ION C A BUL - EDI)) (XDO (A TYR S A RUH - MUN)) (XDO (F TYS - NAP)) (XDO (F WES C A GRE - SPA))'}, {'sender': 'ITALY', 'recipient': 'GERMANY', 'time_sent': 1654638177814181, 'phase': 'F1907M', 'message': 'YES (XDO (A VEN S A TRI))'}]"
W1907A,"{'timestamp': 1654638180022641, 'zobrist_hash': '3833366196812661308', 'note': '', 'name': 'W1907A', 'units': {'AUSTRIA': [], 'ENGLAND': ['F NTH', 'F ENG', 'A NWY', 'F IRI'], 'FRANCE': ['F BRE', 'F MAO', 'A BUR', 'A SPA', 'F LYO', 'A PIC'], 'GERMANY': ['A MUN', 'F DEN', 'A RUH', 'A KIE', 'A BEL'], 'ITALY': ['A VEN'], 'RUSSIA': ['F SEV', 'A TRI', 'A SER', 'A SIL', 'A BER', 'A RUM', 'A UKR', 'A SWE', 'A VIE'], 'TURKEY': ['F BLA', 'F WES', 'F AEG', 'A TYR', 'A GRE', 'A BUL', 'F ADR', 'F ROM']}, 'retreats': {'AUSTRIA': {}, 'ENGLAND': {}, 'FRANCE': {}, 'GERMANY': {}, 'ITALY': {}, 'RUSSIA': {}, 'TURKEY': {}}, 'centers': {'AUSTRIA': [], 'ENGLAND': ['EDI', 'LON', 'LVP', 'NWY'], 'FRANCE': ['BRE', 'MAR', 'PAR', 'SPA', 'POR'], 'GERMANY': ['KIE', 'MUN', 'DEN', 'HOL', 'BEL'], 'ITALY': ['VEN'], 'RUSSIA': ['MOS', 'SEV', 'STP', 'WAR', 'VIE', 'TRI', 'SER', 'BER', 'BUD', 'SWE', 'RUM'], 'TURKEY': ['ANK', 'CON', 'SMY', 'BUL', 'GRE', 'TUN', 'NAP', 'ROM']}, 'homes': {'AUSTRIA': ['BUD', 'TRI', 'VIE'], 'ENGLAND': ['EDI', 'LON', 'LVP'], 'FRANCE': ['BRE', 'MAR', 'PAR'], 'GERMANY': ['BER', 'KIE', 'MUN'], 'ITALY': ['NAP', 'ROM', 'VEN'], 'RUSSIA': ['MOS', 'SEV', 'STP', 'WAR'], 'TURKEY': ['ANK', 'CON', 'SMY']}, 'influence': {'AUSTRIA': ['ALB'], 'ENGLAND': ['EDI', 'LON', 'LVP', 'NTH', 'ENG', 'YOR', 'NWY', 'IRI'], 'FRANCE': ['BRE', 'MAR', 'GAS', 'PAR', 'POR', 'MAO', 'BUR', 'SPA', 'LYO', 'PIC'], 'GERMANY': ['MUN', 'BAL', 'SKA', 'DEN', 'RUH', 'HOL', 'KIE', 'BEL'], 'ITALY': ['VEN'], 'RUSSIA': ['MOS', 'SEV', 'STP', 'BOT', 'WAR', 'TRI', 'LVN', 'PRU', 'SER', 'BUD', 'SIL', 'BER', 'FIN', 'RUM', 'GAL', 'UKR', 'SWE', 'VIE'], 'TURKEY': ['ANK', 'SMY', 'CON', 'APU', 'TUN', 'NAP', 'BLA', 'WES', 'ION', 'AEG', 'TYR', 'GRE', 'TYS', 'BUL', 'ADR', 'ROM']}, 'civil_disorder': {'AUSTRIA': 0, 'ENGLAND': 0, 'FRANCE': 0, 'GERMANY': 0, 'ITALY': 0, 'RUSSIA': 0, 'TURKEY': 0}, 'builds': {'AUSTRIA': {'count': 0, 'homes': []}, 'ENGLAND': {'count': 0, 'homes': []}, 'FRANCE': {'count': -1, 'homes': []}, 'GERMANY': {'count': 0, 'homes': []}, 'ITALY': {'count': 0, 'homes': []}, 'RUSSIA': {'count': 2, 'homes': ['MOS', 'STP', 'WAR']}, 'TURKEY': {'count': 0, 'homes': []}}, 'game_id': 'Wtvk9s8R5yKQ-Ulr', 'map': 'standard', 'rules': ['POWER_CHOICE']}","{'AUSTRIA': [], 'ENGLAND': [], 'FRANCE': ['F LYO D'], 'GERMANY': [], 'ITALY': [], 'RUSSIA': ['A STP B', 'A WAR B'], 'TURKEY': []}","{'F LYO': [''], 'A VEN': ['void'], 'A STP': [''], 'A WAR': ['']}",[]
S1908M,"{'timestamp': 1654638181732222, 'zobrist_hash': '3795462057084739649', 'note': '', 'name': 'S1908M', 'units': {'AUSTRIA': [], 'ENGLAND': ['F NTH', 'F ENG', 'A NWY', 'F IRI'], 'FRANCE': ['F BRE', 'F MAO', 'A BUR', 'A SPA', 'A PIC'], 'GERMANY': ['A MUN', 'F DEN', 'A RUH', 'A KIE', 'A BEL'], 'ITALY': ['A VEN'], 'RUSSIA': ['F SEV', 'A TRI', 'A SER', 'A SIL', 'A BER', 'A RUM', 'A UKR', 'A SWE', 'A VIE', 'A STP', 'A WAR'], 'TURKEY': ['F BLA', 'F WES', 'F AEG', 'A TYR', 'A GRE', 'A BUL', 'F ADR', 'F ROM']}, 'retreats': {'AUSTRIA': {}, 'ENGLAND': {}, 'FRANCE': {}, 'GERMANY': {}, 'ITALY': {}, 'RUSSIA': {}, 'TURKEY': {}}, 'centers': {'AUSTRIA': [], 'ENGLAND': ['EDI', 'LON', 'LVP', 'NWY'], 'FRANCE': ['BRE', 'MAR', 'PAR', 'SPA', 'POR'], 'GERMANY': ['KIE', 'MUN', 'DEN', 'HOL', 'BEL'], 'ITALY': ['VEN'], 'RUSSIA': ['MOS', 'SEV', 'STP', 'WAR', 'VIE', 'TRI', 'SER', 'BER', 'BUD', 'SWE', 'RUM'], 'TURKEY': ['ANK', 'CON', 'SMY', 'BUL', 'GRE', 'TUN', 'NAP', 'ROM']}, 'homes': {'AUSTRIA': ['BUD', 'TRI', 'VIE'], 'ENGLAND': ['EDI', 'LON', 'LVP'], 'FRANCE': ['BRE', 'MAR', 'PAR'], 'GERMANY': ['BER', 'KIE', 'MUN'], 'ITALY': ['NAP', 'ROM', 'VEN'], 'RUSSIA': ['MOS', 'SEV', 'STP', 'WAR'], 'TURKEY': ['ANK', 'CON', 'SMY']}, 'influence': {'AUSTRIA': ['ALB'], 'ENGLAND': ['EDI', 'LON', 'LVP', 'NTH', 'ENG', 'YOR', 'NWY', 'IRI'], 'FRANCE': ['BRE', 'MAR', 'GAS', 'PAR', 'POR', 'MAO', 'BUR', 'SPA', 'LYO', 'PIC'], 'GERMANY': ['MUN', 'BAL', 'SKA', 'DEN', 'RUH', 'HOL', 'KIE', 'BEL'], 'ITALY': ['VEN'], 'RUSSIA': ['MOS', 'SEV', 'STP', 'BOT', 'WAR', 'TRI', 'LVN', 'PRU', 'SER', 'BUD', 'SIL', 'BER', 'FIN', 'RUM', 'GAL', 'UKR', 'SWE', 'VIE'], 'TURKEY': ['ANK', 'SMY', 'CON', 'APU', 'TUN', 'NAP', 'BLA', 'WES', 'ION', 'AEG', 'TYR', 'GRE', 'TYS', 'BUL', 'ADR', 'ROM']}, 'civil_disorder': {'AUSTRIA': 0, 'ENGLAND': 0, 'FRANCE': 0, 'GERMANY': 0, 'ITALY': 0, 'RUSSIA': 0, 'TURKEY': 0}, 'builds': {'AUSTRIA': {'count': 0, 'homes': []}, 'ENGLAND': {'count': 0, 'homes': []}, 'FRANCE': {'count': 0, 'homes': []}, 'GERMANY': {'count': 0, 'homes': []}, 'ITALY': {'count': 0, 'homes': []}, 'RUSSIA': {'count': 0, 'homes': []}, 'TURKEY': {'count': 0, 'homes': []}}, 'game_id': 'Wtvk9s8R5yKQ-Ulr', 'map': 'standard', 'rules': ['POWER_CHOICE']}","{'AUSTRIA': [], 'ENGLAND': ['F NTH S A NWY', 'F ENG - MAO', 'F IRI S F ENG - MAO', 'A NWY S F DEN - SWE'], 'FRANCE': ['F BRE - ENG', 'F MAO S F BRE - ENG', 'A PIC - BEL', 'A BUR S A PIC - BEL', 'A SPA H'], 'GERMANY': ['A BEL S A RUH', 'F DEN - SWE', 'A RUH S A BEL', 'A KIE - BER', 'A MUN S A KIE - BER'], 'ITALY': ['A VEN S A TRI'], 'RUSSIA': ['A SWE S A STP - NWY', 'A STP - NWY', 'A BER S A SIL - MUN', 'A SIL - MUN', 'A WAR - GAL', 'F SEV - ARM', 'A UKR - RUM', 'A VIE - TYR', 'A TRI S A VIE - TYR', 'A RUM - BUL', 'A SER S A RUM - BUL'], 'TURKEY': ['F WES - MAO', 'A TYR - TRI', 'F ROM H', 'F BLA S A BUL', 'F ADR S A TYR - TRI', 'F AEG - ION', 'A GRE - SER', 'A BUL S A GRE - SER']}","{'F NTH': [], 'F ENG': [], 'A NWY': ['cut'], 'F IRI': [], 'F BRE': [], 'F MAO': ['cut', 'dislodged'], 'A BUR': [], 'A SPA': [], 'A PIC': ['bounce'], 'A MUN': ['cut'], 'F DEN': ['bounce'], 'A RUH': [], 'A KIE': ['bounce'], 'A BEL': ['cut'], 'A VEN': [], 'F SEV': [], 'A TRI': [], 'A SER': ['cut'], 'A SIL': ['bounce'], 'A BER': ['cut'], 'A RUM': ['bounce'], 'A UKR': ['bounce'], 'A SWE': ['cut'], 'A VIE': [], 'A STP': ['bounce'], 'A WAR': [], 'F BLA': [], 'F WES': ['bounce'], 'F AEG': [], 'A TYR': ['bounce', 'dislodged'], 'A GRE': ['bounce'], 'A BUL': ['cut'], 'F ADR': [], 'F ROM': []}","[{'sender': 'GERMANY', 'recipient': 'ENGLAND', 'time_sent': 1654638180333678, 'phase': 'S1908M', 'message': 'ORR (XDO (F ENG C A BEL - GAS)) (XDO (F IRI S A BEL - WAL)) (XDO (F NTH S A KIE - DEN)) (XDO (A NWY - POR VIA))'}, {'sender': 'GERMANY', 'recipient': 'FRANCE', 'time_sent': 1654638180341332, 'phase': 'S1908M', 'message': 'ORR (XDO (F BRE S A BUR - PIC)) (XDO (A BUR S A SPA - PIC)) (XDO (F MAO C A BEL - TUN)) (XDO (A PIC - DEN VIA)) (XDO (A SPA S A BEL - GAS))'}, {'sender': 'GERMANY', 'recipient': 'ITALY', 'time_sent': 1654638180346364, 'phase': 'S1908M', 'message': 'XDO (A VEN S A TRI)'}, {'sender': 'GERMANY', 'recipient': 'RUSSIA', 'time_sent': 1654638180356436, 'phase': 'S1908M', 'message': 'ORR (XDO (A BER - SIL)) (XDO (A RUM S F BLA - BUL/EC)) (XDO (A SER S A VEN - ALB)) (XDO (F SEV S F BLA - RUM)) (XDO (A SIL - WAR)) (XDO (A STP S A SPA - NWY)) (XDO (A SWE S A STP - FIN)) (XDO (A TRI S A VEN)) (XDO (A UKR S A STP - MOS)) (XDO (A VIE S A TYR)) (XDO (A WAR - PRU))'}, {'sender': 'GERMANY', 'recipient': 'TURKEY', 'time_sent': 1654638180364479, 'phase': 'S1908M', 'message': 'ORR (XDO (F ADR S A TRI - VEN)) (XDO (F AEG S F ADR - ION)) (XDO (F BLA S A BUL - CON)) (XDO (A BUL - SMY VIA)) (XDO (A GRE S F ADR - ALB)) (XDO (F ROM H)) (XDO (A TYR S A VIE - TRI)) (XDO (F WES - TYS))'}, {'sender': 'ITALY', 'recipient': 'GERMANY', 'time_sent': 1654638180364695, 'phase': 'S1908M', 'message': 'YES (XDO (A VEN S A TRI))'}]"
S1908R,"{'timestamp': 1654638182553180, 'zobrist_hash': '6361536242075085057', 'note': '', 'name': 'S1908R', 'units': {'AUSTRIA': [], 'ENGLAND': ['F NTH', 'A NWY', 'F IRI', 'F MAO'], 'FRANCE': ['A BUR', 'A SPA', 'A PIC', 'F ENG', '*F MAO'], 'GERMANY': ['A MUN', 'F DEN', 'A RUH', 'A KIE', 'A BEL'], 'ITALY': ['A VEN'], 'RUSSIA': ['A TRI', 'A SER', 'A SIL', 'A BER', 'A RUM', 'A UKR', 'A SWE', 'A STP', 'F ARM', 'A TYR', 'A GAL'], 'TURKEY': ['F BLA', 'F WES', 'A GRE', 'A BUL', 'F ADR', 'F ROM', 'F ION', '*A TYR']}, 'retreats': {'AUSTRIA': {}, 'ENGLAND': {}, 'FRANCE': {'F MAO': ['BRE', 'GAS', 'NAF', 'NAO', 'POR']}, 'GERMANY': {}, 'ITALY': {}, 'RUSSIA': {}, 'TURKEY': {'A TYR': ['BOH', 'PIE']}}, 'centers': {'AUSTRIA': [], 'ENGLAND': ['EDI', 'LON', 'LVP', 'NWY'], 'FRANCE': ['BRE', 'MAR', 'PAR', 'SPA', 'POR'], 'GERMANY': ['KIE', 'MUN', 'DEN', 'HOL', 'BEL'], 'ITALY': ['VEN'], 'RUSSIA': ['MOS', 'SEV', 'STP', 'WAR', 'VIE', 'TRI', 'SER', 'BER', 'BUD', 'SWE', 'RUM'], 'TURKEY': ['ANK', 'CON', 'SMY', 'BUL', 'GRE', 'TUN', 'NAP', 'ROM']}, 'homes': {'AUSTRIA': ['BUD', 'TRI', 'VIE'], 'ENGLAND': ['EDI', 'LON', 'LVP'], 'FRANCE': ['BRE', 'MAR', 'PAR'], 'GERMANY': ['BER', 'KIE', 'MUN'], 'ITALY': ['NAP', 'ROM', 'VEN'], 'RUSSIA': ['MOS', 'SEV', 'STP', 'WAR'], 'TURKEY': ['ANK', 'CON', 'SMY']}, 'influence': {'AUSTRIA': ['ALB'], 'ENGLAND': ['EDI', 'LON', 'LVP', 'NTH', 'YOR', 'NWY', 'IRI', 'MAO'], 'FRANCE': ['BRE', 'MAR', 'GAS', 'PAR', 'POR', 'BUR', 'SPA', 'LYO', 'PIC', 'ENG'], 'GERMANY': ['MUN', 'BAL', 'SKA', 'DEN', 'RUH', 'HOL', 'KIE', 'BEL'], 'ITALY': ['VEN'], 'RUSSIA': ['MOS', 'SEV', 'STP', 'BOT', 'WAR', 'TRI', 'LVN', 'PRU', 'SER', 'BUD', 'SIL', 'BER', 'FIN', 'RUM', 'UKR', 'SWE', 'VIE', 'ARM', 'TYR', 'GAL'], 'TURKEY': ['ANK', 'SMY', 'CON', 'APU', 'TUN', 'NAP', 'BLA', 'WES', 'AEG', 'GRE', 'TYS', 'BUL', 'ADR', 'ROM', 'ION']}, 'civil_disorder': {'AUSTRIA': 0, 'ENGLAND': 0, 'FRANCE': 0, 'GERMANY': 0, 'ITALY': 0, 'RUSSIA': 0, 'TURKEY': 0}, 'builds': {'AUSTRIA': {'count': 0, 'homes': []}, 'ENGLAND': {'count': 0, 'homes': []}, 'FRANCE': {'count': 0, 'homes': []}, 'GERMANY': {'count': 0, 'homes': []}, 'ITALY': {'count': 0, 'homes': []}, 'RUSSIA': {'count': 0, 'homes': []}, 'TURKEY': {'count': 0, 'homes': []}}, 'game_id': 'Wtvk9s8R5yKQ-Ulr', 'map': 'standard', 'rules': ['POWER_CHOICE']}","{'AUSTRIA': [], 'ENGLAND': [], 'FRANCE': ['F MAO R POR'], 'GERMANY': [], 'ITALY': [], 'RUSSIA': [], 'TURKEY': ['A TYR R PIE']}","{'F MAO': [], 'A TYR': [], 'A VEN': ['void']}",[]
F1908M,"{'timestamp': 1654638184264995, 'zobrist_hash': '1815784807631615477', 'note': '', 'name': 'F1908M', 'units': {'AUSTRIA': [], 'ENGLAND': ['F NTH', 'A NWY', 'F IRI', 'F MAO'], 'FRANCE': ['A BUR', 'A SPA', 'A PIC', 'F ENG', 'F POR'], 'GERMANY': ['A MUN', 'F DEN', 'A RUH', 'A KIE', 'A BEL'], 'ITALY': ['A VEN'], 'RUSSIA': ['A TRI', 'A SER', 'A SIL', 'A BER', 'A RUM', 'A UKR', 'A SWE', 'A STP', 'F ARM', 'A TYR', 'A GAL'], 'TURKEY': ['F BLA', 'F WES', 'A GRE', 'A BUL', 'F ADR', 'F ROM', 'F ION', 'A PIE']}, 'retreats': {'AUSTRIA': {}, 'ENGLAND': {}, 'FRANCE': {}, 'GERMANY': {}, 'ITALY': {}, 'RUSSIA': {}, 'TURKEY': {}}, 'centers': {'AUSTRIA': [], 'ENGLAND': ['EDI', 'LON', 'LVP', 'NWY'], 'FRANCE': ['BRE', 'MAR', 'PAR', 'SPA', 'POR'], 'GERMANY': ['KIE', 'MUN', 'DEN', 'HOL', 'BEL'], 'ITALY': ['VEN'], 'RUSSIA': ['MOS', 'SEV', 'STP', 'WAR', 'VIE', 'TRI', 'SER', 'BER', 'BUD', 'SWE', 'RUM'], 'TURKEY': ['ANK', 'CON', 'SMY', 'BUL', 'GRE', 'TUN', 'NAP', 'ROM']}, 'homes': {'AUSTRIA': ['BUD', 'TRI', 'VIE'], 'ENGLAND': ['EDI', 'LON', 'LVP'], 'FRANCE': ['BRE', 'MAR', 'PAR'], 'GERMANY': ['BER', 'KIE', 'MUN'], 'ITALY': ['NAP', 'ROM', 'VEN'], 'RUSSIA': ['MOS', 'SEV', 'STP', 'WAR'], 'TURKEY': ['ANK', 'CON', 'SMY']}, 'influence': {'AUSTRIA': ['ALB'], 'ENGLAND': ['EDI', 'LON', 'LVP', 'NTH', 'YOR', 'NWY', 'IRI', 'MAO'], 'FRANCE': ['BRE', 'MAR', 'GAS', 'PAR', 'BUR', 'SPA', 'LYO', 'PIC', 'ENG', 'POR'], 'GERMANY': ['MUN', 'BAL', 'SKA', 'DEN', 'RUH', 'HOL', 'KIE', 'BEL'], 'ITALY': ['VEN'], 'RUSSIA': ['MOS', 'SEV', 'STP', 'BOT', 'WAR', 'TRI', 'LVN', 'PRU', 'SER', 'BUD', 'SIL', 'BER', 'FIN', 'RUM', 'UKR', 'SWE', 'VIE', 'ARM', 'TYR', 'GAL'], 'TURKEY': ['ANK', 'SMY', 'CON', 'APU', 'TUN', 'NAP', 'BLA', 'WES', 'AEG', 'GRE', 'TYS', 'BUL', 'ADR', 'ROM', 'ION', 'PIE']}, 'civil_disorder': {'AUSTRIA': 0, 'ENGLAND': 0, 'FRANCE': 0, 'GERMANY': 0, 'ITALY': 0, 'RUSSIA': 0, 'TURKEY': 0}, 'builds': {'AUSTRIA': {'count': 0, 'homes': []}, 'ENGLAND': {'count': 0, 'homes': []}, 'FRANCE': {'count': 0, 'homes': []}, 'GERMANY': {'count': 0, 'homes': []}, 'ITALY': {'count': 0, 'homes': []}, 'RUSSIA': {'count': 0, 'homes': []}, 'TURKEY': {'count': 0, 'homes': []}}, 'game_id': 'Wtvk9s8R5yKQ-Ulr', 'map': 'standard', 'rules': ['POWER_CHOICE']}","{'AUSTRIA': [], 'ENGLAND': ['F NTH - LON', 'F IRI - ENG', 'A NWY S F DEN - SWE', 'F MAO - BRE'], 'FRANCE': ['F ENG - LON', 'A PIC - BRE', 'A BUR - MAR', 'F POR H', 'A SPA S A BUR - MAR'], 'GERMANY': ['A BEL S A RUH', 'F DEN - SWE', 'A RUH S A BEL', 'A KIE S A MUN - BER', 'A MUN - BER'], 'ITALY': ['A VEN S A TRI'], 'RUSSIA': ['A SWE S A STP - NWY', 'A STP - NWY', 'A BER S A SIL - MUN', 'A SIL - MUN', 'A TYR - VEN', 'A UKR - SEV', 'A GAL - RUM', 'A TRI S A TYR - VEN', 'F ARM - ANK', 'A RUM - BUL', 'A SER S A RUM - BUL'], 'TURKEY': ['F WES H', 'A PIE - VEN', 'F ION - AEG', 'F ROM H', 'F BLA - ANK', 'F ADR S A PIE - VEN', 'A GRE - SER', 'A BUL S A GRE - SER']}","{'F NTH': ['bounce'], 'A NWY': ['cut'], 'F IRI': ['bounce'], 'F MAO': ['bounce'], 'A BUR': [], 'A SPA': [], 'A PIC': ['bounce'], 'F ENG': ['bounce'], 'F POR': [], 'A MUN': [], 'F DEN': ['bounce'], 'A RUH': [], 'A KIE': [], 'A BEL': [], 'A VEN': ['cut'], 'A TRI': [], 'A SER': ['cut'], 'A SIL': [], 'A BER': ['cut', 'dislodged'], 'A RUM': ['bounce'], 'A UKR': [], 'A SWE': ['cut'], 'A STP': ['bounce'], 'F ARM': ['bounce'], 'A TYR': ['bounce'], 'A GAL': ['bounce'], 'F BLA': ['bounce'], 'F WES': [], 'A GRE': ['bounce'], 'A BUL': ['cut'], 'F ADR': [], 'F ROM': [], 'F ION': [], 'A PIE': ['bounce']}","[{'sender': 'GERMANY', 'recipient': 'ENGLAND', 'time_sent': 1654638182865531, 'phase': 'F1908M', 'message': 'ORR (XDO (F IRI S A BEL - WAL)) (XDO (F MAO - POR)) (XDO (F NTH S A BEL - HOL)) (XDO (A NWY S A STP - FIN))'}, {'sender': 'GERMANY', 'recipient': 'FRANCE', 'time_sent': 1654638182872057, 'phase': 'F1908M', 'message': 'ORR (XDO (A BUR H)) (XDO (F ENG C A SPA - DEN)) (XDO (A PIC - DEN VIA)) (XDO (F POR S A NWY - SPA)) (XDO (A SPA S A BEL - POR))'}, {'sender': 'GERMANY', 'recipient': 'ITALY', 'time_sent': 1654638182875967, 'phase': 'F1908M', 'message': 'XDO (A VEN S A TRI)'}, {'sender': 'GERMANY', 'recipient': 'RUSSIA', 'time_sent': 1654638182886128, 'phase': 'F1908M', 'message': 'ORR (XDO (F ARM S A RUM - SEV)) (XDO (A BER - SIL)) (XDO (A GAL S A SIL)) (XDO (A RUM S A SER - BUD)) (XDO (A SER S A VEN - ALB)) (XDO (A SIL - WAR)) (XDO (A STP S A UKR - MOS)) (XDO (A TRI S A VEN)) (XDO (A TYR S A RUH - MUN)) (XDO (A UKR - WAR))'}, {'sender': 'GERMANY', 'recipient': 'TURKEY', 'time_sent': 1654638182896071, 'phase': 'F1908M', 'message': 'ORR (XDO (F ADR S A TRI - VEN)) (XDO (F BLA S A RUM)) (XDO (A BUL S A SER)) (XDO (A GRE S F ADR - ALB)) (XDO (F ION - ALB)) (XDO (A PIE - MAR)) (XDO (F ROM S A VEN - NAP))'}, {'sender': 'ITALY', 'recipient': 'GERMANY', 'time_sent': 1654638182896250, 'phase': 'F1908M', 'message': 'YES (XDO (A VEN S A TRI))'}]"
F1908R,"{'timestamp': 1654638184823313, 'zobrist_hash': '1278434606599282860', 'note': '', 'name': 'F1908R', 'units': {'AUSTRIA': [], 'ENGLAND': ['F NTH', 'A NWY', 'F IRI', 'F MAO'], 'FRANCE': ['A SPA', 'A PIC', 'F ENG', 'F POR', 'A MAR'], 'GERMANY': ['F DEN', 'A RUH', 'A KIE', 'A BEL', 'A BER'], 'ITALY': ['A VEN'], 'RUSSIA': ['A TRI', 'A SER', 'A RUM', 'A SWE', 'A STP', 'F ARM', 'A TYR', 'A GAL', 'A MUN', 'A SEV', '*A BER'], 'TURKEY': ['F BLA', 'F WES', 'A GRE', 'A BUL', 'F ADR', 'F ROM', 'A PIE', 'F AEG']}, 'retreats': {'AUSTRIA': {}, 'ENGLAND': {}, 'FRANCE': {}, 'GERMANY': {}, 'ITALY': {}, 'RUSSIA': {'A BER': ['PRU', 'SIL']}, 'TURKEY': {}}, 'centers': {'AUSTRIA': [], 'ENGLAND': ['EDI', 'LON', 'LVP', 'NWY'], 'FRANCE': ['BRE', 'MAR', 'PAR', 'SPA', 'POR'], 'GERMANY': ['KIE', 'MUN', 'DEN', 'HOL', 'BEL'], 'ITALY': ['VEN'], 'RUSSIA': ['MOS', 'SEV', 'STP', 'WAR', 'VIE', 'TRI', 'SER', 'BER', 'BUD', 'SWE', 'RUM'], 'TURKEY': ['ANK', 'CON', 'SMY', 'BUL', 'GRE', 'TUN', 'NAP', 'ROM']}, 'homes': {'AUSTRIA': ['BUD', 'TRI', 'VIE'], 'ENGLAND': ['EDI', 'LON', 'LVP'], 'FRANCE': ['BRE', 'MAR', 'PAR'], 'GERMANY': ['BER', 'KIE', 'MUN'], 'ITALY': ['NAP', 'ROM', 'VEN'], 'RUSSIA': ['MOS', 'SEV', 'STP', 'WAR'], 'TURKEY': ['ANK', 'CON', 'SMY']}, 'influence': {'AUSTRIA': ['ALB'], 'ENGLAND': ['EDI', 'LON', 'LVP', 'NTH', 'YOR', 'NWY', 'IRI', 'MAO'], 'FRANCE': ['BRE', 'GAS', 'PAR', 'BUR', 'SPA', 'LYO', 'PIC', 'ENG', 'POR', 'MAR'], 'GERMANY': ['BAL', 'SKA', 'DEN', 'RUH', 'HOL', 'KIE', 'BEL', 'BER'], 'ITALY': ['VEN'], 'RUSSIA': ['MOS', 'STP', 'BOT', 'WAR', 'TRI', 'LVN', 'PRU', 'SER', 'BUD', 'SIL', 'FIN', 'RUM', 'UKR', 'SWE', 'VIE', 'ARM', 'TYR', 'GAL', 'MUN', 'SEV'], 'TURKEY': ['ANK', 'SMY', 'CON', 'APU', 'TUN', 'NAP', 'BLA', 'WES', 'GRE', 'TYS', 'BUL', 'ADR', 'ROM', 'ION', 'PIE', 'AEG']}, 'civil_disorder': {'AUSTRIA': 0, 'ENGLAND': 0, 'FRANCE': 0, 'GERMANY': 0, 'ITALY': 0, 'RUSSIA': 0, 'TURKEY': 0}, 'builds': {'AUSTRIA': {'count': 0, 'homes': []}, 'ENGLAND': {'count': 0, 'homes': []}, 'FRANCE': {'count': 0, 'homes': []}, 'GERMANY': {'count': 0, 'homes': []}, 'ITALY': {'count': 0, 'homes': []}, 'RUSSIA': {'count': 0, 'homes': []}, 'TURKEY': {'count': 0, 'homes': []}}, 'game_id': 'Wtvk9s8R5yKQ-Ulr', 'map': 'standard', 'rules': ['POWER_CHOICE']}","{'AUSTRIA': [], 'ENGLAND': [], 'FRANCE': [], 'GERMANY': [], 'ITALY': [], 'RUSSIA': ['A BER R SIL'], 'TURKEY': []}","{'A BER': [], 'A VEN': ['void']}",[]
S1909M,"{'timestamp': 1654638186522810, 'zobrist_hash': '2928678445586769437', 'note': '', 'name': 'S1909M', 'units': {'AUSTRIA': [], 'ENGLAND': ['F NTH', 'A NWY', 'F IRI', 'F MAO'], 'FRANCE': ['A SPA', 'A PIC', 'F ENG', 'F POR', 'A MAR'], 'GERMANY': ['F DEN', 'A RUH', 'A KIE', 'A BEL', 'A BER'], 'ITALY': ['A VEN'], 'RUSSIA': ['A TRI', 'A SER', 'A RUM', 'A SWE', 'A STP', 'F ARM', 'A TYR', 'A GAL', 'A MUN', 'A SEV', 'A SIL'], 'TURKEY': ['F BLA', 'F WES', 'A GRE', 'A BUL', 'F ADR', 'F ROM', 'A PIE', 'F AEG']}, 'retreats': {'AUSTRIA': {}, 'ENGLAND': {}, 'FRANCE': {}, 'GERMANY': {}, 'ITALY': {}, 'RUSSIA': {}, 'TURKEY': {}}, 'centers': {'AUSTRIA': [], 'ENGLAND': ['EDI', 'LON', 'LVP', 'NWY'], 'FRANCE': ['BRE', 'MAR', 'PAR', 'SPA', 'POR'], 'GERMANY': ['KIE', 'DEN', 'HOL', 'BEL', 'BER'], 'ITALY': ['VEN'], 'RUSSIA': ['MOS', 'SEV', 'STP', 'WAR', 'VIE', 'TRI', 'SER', 'BUD', 'SWE', 'RUM', 'MUN'], 'TURKEY': ['ANK', 'CON', 'SMY', 'BUL', 'GRE', 'TUN', 'NAP', 'ROM']}, 'homes': {'AUSTRIA': ['BUD', 'TRI', 'VIE'], 'ENGLAND': ['EDI', 'LON', 'LVP'], 'FRANCE': ['BRE', 'MAR', 'PAR'], 'GERMANY': ['BER', 'KIE', 'MUN'], 'ITALY': ['NAP', 'ROM', 'VEN'], 'RUSSIA': ['MOS', 'SEV', 'STP', 'WAR'], 'TURKEY': ['ANK', 'CON', 'SMY']}, 'influence': {'AUSTRIA': ['ALB'], 'ENGLAND': ['EDI', 'LON', 'LVP', 'NTH', 'YOR', 'NWY', 'IRI', 'MAO'], 'FRANCE': ['BRE', 'GAS', 'PAR', 'BUR', 'SPA', 'LYO', 'PIC', 'ENG', 'POR', 'MAR'], 'GERMANY': ['BAL', 'SKA', 'DEN', 'RUH', 'HOL', 'KIE', 'BEL', 'BER'], 'ITALY': ['VEN'], 'RUSSIA': ['MOS', 'STP', 'BOT', 'WAR', 'TRI', 'LVN', 'PRU', 'SER', 'BUD', 'FIN', 'RUM', 'UKR', 'SWE', 'VIE', 'ARM', 'TYR', 'GAL', 'MUN', 'SEV', 'SIL'], 'TURKEY': ['ANK', 'SMY', 'CON', 'APU', 'TUN', 'NAP', 'BLA', 'WES', 'GRE', 'TYS', 'BUL', 'ADR', 'ROM', 'ION', 'PIE', 'AEG']}, 'civil_disorder': {'AUSTRIA': 0, 'ENGLAND': 0, 'FRANCE': 0, 'GERMANY': 0, 'ITALY': 0, 'RUSSIA': 0, 'TURKEY': 0}, 'builds': {'AUSTRIA': {'count': 0, 'homes': []}, 'ENGLAND': {'count': 0, 'homes': []}, 'FRANCE': {'count': 0, 'homes': []}, 'GERMANY': {'count': 0, 'homes': []}, 'ITALY': {'count': 0, 'homes': []}, 'RUSSIA': {'count': 0, 'homes': []}, 'TURKEY': {'count': 0, 'homes': []}}, 'game_id': 'Wtvk9s8R5yKQ-Ulr', 'map': 'standard', 'rules': ['POWER_CHOICE']}","{'AUSTRIA': [], 'ENGLAND': ['F NTH - LON', 'F IRI - WAL', 'A NWY S A SWE', 'F MAO - BRE'], 'FRANCE': ['F ENG C A PIC - WAL', 'A PIC - WAL VIA', 'F POR - MAO', 'A SPA - GAS', 'A MAR - BUR'], 'GERMANY': ['A BEL S A RUH - BUR', 'F DEN - SWE', 'A RUH S A KIE - MUN', 'A KIE - MUN', 'A BER S A KIE - MUN'], 'ITALY': ['A VEN S A TRI'], 'RUSSIA': ['A SWE S A STP - NWY', 'A STP - NWY', 'A MUN S A SIL - BER', 'A SIL - BER', 'A TYR - VEN', 'A SEV - ARM', 'A GAL - RUM', 'A TRI S A TYR - VEN', 'F ARM - BLA', 'A RUM - BUL', 'A SER S A RUM - BUL'], 'TURKEY': ['F WES - SPA/SC', 'A PIE - VEN', 'F ROM H', 'F BLA - ANK', 'F ADR S A PIE - VEN', 'F AEG - CON', 'A GRE - SER', 'A BUL S A GRE - SER']}","{'F NTH': [], 'A NWY': ['cut'], 'F IRI': ['bounce'], 'F MAO': [], 'A SPA': [], 'A PIC': ['bounce'], 'F ENG': [], 'F POR': [], 'A MAR': [], 'F DEN': ['bounce'], 'A RUH': [], 'A KIE': [], 'A BEL': ['void'], 'A BER': ['cut'], 'A VEN': ['cut'], 'A TRI': [], 'A SER': ['cut'], 'A RUM': ['bounce'], 'A SWE': ['cut'], 'A STP': ['bounce'], 'F ARM': [], 'A TYR': ['bounce'], 'A GAL': ['bounce'], 'A MUN': ['cut', 'dislodged'], 'A SEV': [], 'A SIL': ['bounce'], 'F BLA': [], 'F WES': [], 'A GRE': ['bounce'], 'A BUL': ['cut'], 'F ADR': [], 'F ROM': [], 'A PIE': ['bounce'], 'F AEG': []}","[{'sender': 'GERMANY', 'recipient': 'ENGLAND', 'time_sent': 1654638185130171, 'phase': 'S1909M', 'message': 'ORR (XDO (F IRI S A BEL - WAL)) (XDO (F NTH S A SWE - NWY)) (XDO (A NWY - POR VIA))'}, {'sender': 'GERMANY', 'recipient': 'FRANCE', 'time_sent': 1654638185137048, 'phase': 'S1909M', 'message': 'ORR (XDO (F ENG C A SPA - PIC)) (XDO (A MAR S F POR - SPA/NC)) (XDO (A PIC - LVP VIA)) (XDO (F POR S A NWY - SPA)) (XDO (A SPA S A BEL - GAS))'}, {'sender': 'GERMANY', 'recipient': 'ITALY', 'time_sent': 1654638185140800, 'phase': 'S1909M', 'message': 'XDO (A VEN S A TRI)'}, {'sender': 'GERMANY', 'recipient': 'RUSSIA', 'time_sent': 1654638185149487, 'phase': 'S1909M', 'message': 'ORR (XDO (F ARM S A SEV)) (XDO (A GAL S A SIL)) (XDO (A MUN S A PIE - TYR)) (XDO (A RUM S A SER - BUD)) (XDO (A SER S A VEN - ALB)) (XDO (A SEV - MOS)) (XDO (A SIL - WAR)) (XDO (A STP - NWY)) (XDO (A SWE S A STP - FIN)) (XDO (A TRI S A GAL - BUD)) (XDO (A TYR S A TRI - VIE))'}, {'sender': 'GERMANY', 'recipient': 'TURKEY', 'time_sent': 1654638185159357, 'phase': 'S1909M', 'message': 'ORR (XDO (F ADR S A VEN - APU)) (XDO (F AEG C A GRE - CON)) (XDO (F BLA C A BUL - ARM)) (XDO (A BUL S A SER)) (XDO (A GRE S F AEG - BUL)) (XDO (A PIE S A VEN - TYR)) (XDO (F ROM H)) (XDO (F WES S A PIC - NAF))'}, {'sender': 'ITALY', 'recipient': 'GERMANY', 'time_sent': 1654638185159540, 'phase': 'S1909M', 'message': 'YES (XDO (A VEN S A TRI))'}]"
S1909R,"{'timestamp': 1654638187077869, 'zobrist_hash': '4978183308361895411', 'note': '', 'name': 'S1909R', 'units': {'AUSTRIA': [], 'ENGLAND': ['A NWY', 'F IRI', 'F LON', 'F BRE'], 'FRANCE': ['A PIC', 'F ENG', 'A GAS', 'F MAO', 'A BUR'], 'GERMANY': ['F DEN', 'A RUH', 'A BEL', 'A BER', 'A MUN'], 'ITALY': ['A VEN'], 'RUSSIA': ['A TRI', 'A SER', 'A RUM', 'A SWE', 'A STP', 'A TYR', 'A GAL', 'A SIL', 'F BLA', 'A ARM', '*A MUN'], 'TURKEY': ['A GRE', 'A BUL', 'F ADR', 'F ROM', 'A PIE', 'F ANK', 'F SPA/SC', 'F CON']}, 'retreats': {'AUSTRIA': {}, 'ENGLAND': {}, 'FRANCE': {}, 'GERMANY': {}, 'ITALY': {}, 'RUSSIA': {'A MUN': ['BOH']}, 'TURKEY': {}}, 'centers': {'AUSTRIA': [], 'ENGLAND': ['EDI', 'LON', 'LVP', 'NWY'], 'FRANCE': ['BRE', 'MAR', 'PAR', 'SPA', 'POR'], 'GERMANY': ['KIE', 'DEN', 'HOL', 'BEL', 'BER'], 'ITALY': ['VEN'], 'RUSSIA': ['MOS', 'SEV', 'STP', 'WAR', 'VIE', 'TRI', 'SER', 'BUD', 'SWE', 'RUM', 'MUN'], 'TURKEY': ['ANK', 'CON', 'SMY', 'BUL', 'GRE', 'TUN', 'NAP', 'ROM']}, 'homes': {'AUSTRIA': ['BUD', 'TRI', 'VIE'], 'ENGLAND': ['EDI', 'LON', 'LVP'], 'FRANCE': ['BRE', 'MAR', 'PAR'], 'GERMANY': ['BER', 'KIE', 'MUN'], 'ITALY': ['NAP', 'ROM', 'VEN'], 'RUSSIA': ['MOS', 'SEV', 'STP', 'WAR'], 'TURKEY': ['ANK', 'CON', 'SMY']}, 'influence': {'AUSTRIA': ['ALB'], 'ENGLAND': ['EDI', 'LVP', 'NTH', 'YOR', 'NWY', 'IRI', 'LON', 'BRE'], 'FRANCE': ['PAR', 'LYO', 'PIC', 'ENG', 'POR', 'MAR', 'GAS', 'MAO', 'BUR'], 'GERMANY': ['BAL', 'SKA', 'DEN', 'RUH', 'HOL', 'KIE', 'BEL', 'BER', 'MUN'], 'ITALY': ['VEN'], 'RUSSIA': ['MOS', 'STP', 'BOT', 'WAR', 'TRI', 'LVN', 'PRU', 'SER', 'BUD', 'FIN', 'RUM', 'UKR', 'SWE', 'VIE', 'TYR', 'GAL', 'SEV', 'SIL', 'BLA', 'ARM'], 'TURKEY': ['SMY', 'APU', 'TUN', 'NAP', 'WES', 'GRE', 'TYS', 'BUL', 'ADR', 'ROM', 'ION', 'PIE', 'AEG', 'ANK', 'SPA', 'CON']}, 'civil_disorder': {'AUSTRIA': 0, 'ENGLAND': 0, 'FRANCE': 0, 'GERMANY': 0, 'ITALY': 0, 'RUSSIA': 0, 'TURKEY': 0}, 'builds': {'AUSTRIA': {'count': 0, 'homes': []}, 'ENGLAND': {'count': 0, 'homes': []}, 'FRANCE': {'count': 0, 'homes': []}, 'GERMANY': {'count': 0, 'homes': []}, 'ITALY': {'count': 0, 'homes': []}, 'RUSSIA': {'count': 0, 'homes': []}, 'TURKEY': {'count': 0, 'homes': []}}, 'game_id': 'Wtvk9s8R5yKQ-Ulr', 'map': 'standard', 'rules': ['POWER_CHOICE']}","{'AUSTRIA': [], 'ENGLAND': [], 'FRANCE': [], 'GERMANY': [], 'ITALY': [], 'RUSSIA': ['A MUN R BOH'], 'TURKEY': []}","{'A MUN': [], 'A VEN': ['void']}",[]
F1909M,"{'timestamp': 1654638188771577, 'zobrist_hash': '8647063561215286956', 'note': '', 'name': 'F1909M', 'units': {'AUSTRIA': [], 'ENGLAND': ['A NWY', 'F IRI', 'F LON', 'F BRE'], 'FRANCE': ['A PIC', 'F ENG', 'A GAS', 'F MAO', 'A BUR'], 'GERMANY': ['F DEN', 'A RUH', 'A BEL', 'A BER', 'A MUN'], 'ITALY': ['A VEN'], 'RUSSIA': ['A TRI', 'A SER', 'A RUM', 'A SWE', 'A STP', 'A TYR', 'A GAL', 'A SIL', 'F BLA', 'A ARM', 'A BOH'], 'TURKEY': ['A GRE', 'A BUL', 'F ADR', 'F ROM', 'A PIE', 'F ANK', 'F SPA/SC', 'F CON']}, 'retreats': {'AUSTRIA': {}, 'ENGLAND': {}, 'FRANCE': {}, 'GERMANY': {}, 'ITALY': {}, 'RUSSIA': {}, 'TURKEY': {}}, 'centers': {'AUSTRIA': [], 'ENGLAND': ['EDI', 'LON', 'LVP', 'NWY'], 'FRANCE': ['BRE', 'MAR', 'PAR', 'SPA', 'POR'], 'GERMANY': ['KIE', 'DEN', 'HOL', 'BEL', 'BER'], 'ITALY': ['VEN'], 'RUSSIA': ['MOS', 'SEV', 'STP', 'WAR', 'VIE', 'TRI', 'SER', 'BUD', 'SWE', 'RUM', 'MUN'], 'TURKEY': ['ANK', 'CON', 'SMY', 'BUL', 'GRE', 'TUN', 'NAP', 'ROM']}, 'homes': {'AUSTRIA': ['BUD', 'TRI', 'VIE'], 'ENGLAND': ['EDI', 'LON', 'LVP'], 'FRANCE': ['BRE', 'MAR', 'PAR'], 'GERMANY': ['BER', 'KIE', 'MUN'], 'ITALY': ['NAP', 'ROM', 'VEN'], 'RUSSIA': ['MOS', 'SEV', 'STP', 'WAR'], 'TURKEY': ['ANK', 'CON', 'SMY']}, 'influence': {'AUSTRIA': ['ALB'], 'ENGLAND': ['EDI', 'LVP', 'NTH', 'YOR', 'NWY', 'IRI', 'LON', 'BRE'], 'FRANCE': ['PAR', 'LYO', 'PIC', 'ENG', 'POR', 'MAR', 'GAS', 'MAO', 'BUR'], 'GERMANY': ['BAL', 'SKA', 'DEN', 'RUH', 'HOL', 'KIE', 'BEL', 'BER', 'MUN'], 'ITALY': ['VEN'], 'RUSSIA': ['MOS', 'STP', 'BOT', 'WAR', 'TRI', 'LVN', 'PRU', 'SER', 'BUD', 'FIN', 'RUM', 'UKR', 'SWE', 'VIE', 'TYR', 'GAL', 'SEV', 'SIL', 'BLA', 'ARM', 'BOH'], 'TURKEY': ['SMY', 'APU', 'TUN', 'NAP', 'WES', 'GRE', 'TYS', 'BUL', 'ADR', 'ROM', 'ION', 'PIE', 'AEG', 'ANK', 'SPA', 'CON']}, 'civil_disorder': {'AUSTRIA': 0, 'ENGLAND': 0, 'FRANCE': 0, 'GERMANY': 0, 'ITALY': 0, 'RUSSIA': 0, 'TURKEY': 0}, 'builds': {'AUSTRIA': {'count': 0, 'homes': []}, 'ENGLAND': {'count': 0, 'homes': []}, 'FRANCE': {'count': 0, 'homes': []}, 'GERMANY': {'count': 0, 'homes': []}, 'ITALY': {'count': 0, 'homes': []}, 'RUSSIA': {'count': 0, 'homes': []}, 'TURKEY': {'count': 0, 'homes': []}}, 'game_id': 'Wtvk9s8R5yKQ-Ulr', 'map': 'standard', 'rules': ['POWER_CHOICE']}","{'AUSTRIA': [], 'ENGLAND': ['F LON - NTH', 'F IRI - MAO', 'A NWY S A SWE', 'F BRE S F IRI - MAO'], 'FRANCE': ['F ENG S A PIC - BRE', 'F MAO S A PIC - BRE', 'A PIC - BRE', 'A BUR - MAR', 'A GAS S A PIC - BRE'], 'GERMANY': ['A BEL S A RUH', 'F DEN - SWE', 'A RUH S A MUN', 'A MUN S A BER', 'A BER S A MUN'], 'ITALY': ['A VEN S A TRI - APU'], 'RUSSIA': ['A SWE S A STP - NWY', 'A STP - NWY', 'A BOH - MUN', 'A SIL S A BOH - MUN', 'A TYR - VEN', 'A GAL - RUM', 'A TRI S A TYR - VEN', 'A ARM - SMY', 'F BLA S A RUM - BUL', 'A RUM - BUL', 'A SER S A RUM - BUL'], 'TURKEY': ['F SPA/SC S A PIE - MAR', 'A PIE - VEN', 'F ROM H', 'F ADR S A PIE - VEN', 'A GRE - SER', 'F ANK H', 'A BUL S A GRE - SER', 'F CON - BLA']}","{'A NWY': ['cut'], 'F IRI': ['bounce'], 'F LON': [], 'F BRE': ['cut', 'dislodged'], 'A PIC': [], 'F ENG': [], 'A GAS': [], 'F MAO': ['cut'], 'A BUR': [], 'F DEN': ['bounce'], 'A RUH': [], 'A BEL': [], 'A BER': [], 'A MUN': ['cut'], 'A VEN': ['void'], 'A TRI': [], 'A SER': ['cut'], 'A RUM': ['bounce'], 'A SWE': ['cut'], 'A STP': ['bounce'], 'A TYR': ['bounce'], 'A GAL': ['bounce'], 'A SIL': [], 'F BLA': ['cut'], 'A ARM': [], 'A BOH': ['bounce'], 'A GRE': ['bounce'], 'A BUL': ['cut'], 'F ADR': [], 'F ROM': [], 'A PIE': ['bounce'], 'F ANK': [], 'F SPA/SC': ['void'], 'F CON': ['bounce']}","[{'sender': 'GERMANY', 'recipient': 'ENGLAND', 'time_sent': 1654638187382768, 'phase': 'F1909M', 'message': 'ORR (XDO (F BRE S F IRI - MAO)) (XDO (F IRI S A GAS - WAL)) (XDO (F LON S A GAS - WAL)) (XDO (A NWY S A STP - FIN))'}, {'sender': 'GERMANY', 'recipient': 'FRANCE', 'time_sent': 1654638187390813, 'phase': 'F1909M', 'message': 'ORR (XDO (A BUR S A BEL - PIC)) (XDO (F ENG C A GAS - LON)) (XDO (A GAS S A BUR - PAR)) (XDO (F MAO C A GAS - SPA)) (XDO (A PIC - BEL))'}, {'sender': 'GERMANY', 'recipient': 'ITALY', 'time_sent': 1654638187394391, 'phase': 'F1909M', 'message': 'XDO (A VEN S A TRI - APU)'}, {'sender': 'GERMANY', 'recipient': 'RUSSIA', 'time_sent': 1654638187403626, 'phase': 'F1909M', 'message': 'ORR (XDO (A ARM S F CON - ANK)) (XDO (F BLA S F ANK - CON)) (XDO (A BOH S A GAL - VIE)) (XDO (A GAL S A TYR - BOH)) (XDO (A RUM S A SER - BUD)) (XDO (A SER S A VEN - ALB)) (XDO (A SIL - WAR)) (XDO (A STP - NWY)) (XDO (A SWE - FIN)) (XDO (A TRI S A VEN)) (XDO (A TYR S A RUH - MUN))'}, {'sender': 'GERMANY', 'recipient': 'TURKEY', 'time_sent': 1654638187410245, 'phase': 'F1909M', 'message': 'ORR (XDO (F ADR S A TRI - VEN)) (XDO (F ANK S A BUL - CON)) (XDO (A BUL S F ANK - CON)) (XDO (F CON S A GRE - BUL)) (XDO (A GRE S F ADR - ALB)) (XDO (A PIE S A VEN - TYR)) (XDO (F ROM S A VEN - TUS)) (XDO (F SPA/SC - MAO))'}, {'sender': 'ITALY', 'recipient': 'GERMANY', 'time_sent': 1654638187410415, 'phase': 'F1909M', 'message': 'YES (XDO (A VEN S A TRI - APU))'}]"
W1909A,"{'timestamp': 1654638189858595, 'zobrist_hash': '2466383317748600167', 'note': '', 'name': 'W1909A', 'units': {'AUSTRIA': [], 'ENGLAND': ['A NWY', 'F IRI', 'F NTH'], 'FRANCE': ['F ENG', 'A GAS', 'F MAO', 'A BRE', 'A MAR'], 'GERMANY': ['F DEN', 'A RUH', 'A BEL', 'A BER', 'A MUN'], 'ITALY': ['A VEN'], 'RUSSIA': ['A TRI', 'A SER', 'A RUM', 'A SWE', 'A STP', 'A TYR', 'A GAL', 'A SIL', 'F BLA', 'A BOH', 'A SMY'], 'TURKEY': ['A GRE', 'A BUL', 'F ADR', 'F ROM', 'A PIE', 'F ANK', 'F SPA/SC', 'F CON']}, 'retreats': {'AUSTRIA': {}, 'ENGLAND': {}, 'FRANCE': {}, 'GERMANY': {}, 'ITALY': {}, 'RUSSIA': {}, 'TURKEY': {}}, 'centers': {'AUSTRIA': [], 'ENGLAND': ['EDI', 'LON', 'LVP', 'NWY'], 'FRANCE': ['BRE', 'MAR', 'PAR', 'POR'], 'GERMANY': ['KIE', 'DEN', 'HOL', 'BEL', 'BER', 'MUN'], 'ITALY': ['VEN'], 'RUSSIA': ['MOS', 'SEV', 'STP', 'WAR', 'VIE', 'TRI', 'SER', 'BUD', 'SWE', 'RUM', 'SMY'], 'TURKEY': ['ANK', 'CON', 'BUL', 'GRE', 'TUN', 'NAP', 'ROM', 'SPA']}, 'homes': {'AUSTRIA': ['BUD', 'TRI', 'VIE'], 'ENGLAND': ['EDI', 'LON', 'LVP'], 'FRANCE': ['BRE', 'MAR', 'PAR'], 'GERMANY': ['BER', 'KIE', 'MUN'], 'ITALY': ['NAP', 'ROM', 'VEN'], 'RUSSIA': ['MOS', 'SEV', 'STP', 'WAR'], 'TURKEY': ['ANK', 'CON', 'SMY']}, 'influence': {'AUSTRIA': ['ALB'], 'ENGLAND': ['EDI', 'LVP', 'YOR', 'NWY', 'IRI', 'LON', 'NTH'], 'FRANCE': ['PAR', 'LYO', 'PIC', 'ENG', 'POR', 'GAS', 'MAO', 'BUR', 'BRE', 'MAR'], 'GERMANY': ['BAL', 'SKA', 'DEN', 'RUH', 'HOL', 'KIE', 'BEL', 'BER', 'MUN'], 'ITALY': ['VEN'], 'RUSSIA': ['MOS', 'STP', 'BOT', 'WAR', 'TRI', 'LVN', 'PRU', 'SER', 'BUD', 'FIN', 'RUM', 'UKR', 'SWE', 'VIE', 'TYR', 'GAL', 'SEV', 'SIL', 'BLA', 'ARM', 'BOH', 'SMY'], 'TURKEY': ['APU', 'TUN', 'NAP', 'WES', 'GRE', 'TYS', 'BUL', 'ADR', 'ROM', 'ION', 'PIE', 'AEG', 'ANK', 'SPA', 'CON']}, 'civil_disorder': {'AUSTRIA': 0, 'ENGLAND': 0, 'FRANCE': 0, 'GERMANY': 0, 'ITALY': 0, 'RUSSIA': 0, 'TURKEY': 0}, 'builds': {'AUSTRIA': {'count': 0, 'homes': []}, 'ENGLAND': {'count': 1, 'homes': ['EDI', 'LON', 'LVP']}, 'FRANCE': {'count': -1, 'homes': []}, 'GERMANY': {'count': 1, 'homes': ['KIE']}, 'ITALY': {'count': 0, 'homes': []}, 'RUSSIA': {'count': 0, 'homes': []}, 'TURKEY': {'count': 0, 'homes': []}}, 'game_id': 'Wtvk9s8R5yKQ-Ulr', 'map': 'standard', 'rules': ['POWER_CHOICE']}","{'AUSTRIA': [], 'ENGLAND': ['F LON B'], 'FRANCE': ['A BRE D'], 'GERMANY': ['A KIE B'], 'ITALY': [], 'RUSSIA': [], 'TURKEY': []}","{'F LON': [''], 'A BRE': [''], 'A KIE': [''], 'A VEN': ['void'], 'F BRE': ['disband']}",[]
S1910M,"{'timestamp': 1654638191555038, 'zobrist_hash': '4112866272890036238', 'note': '', 'name': 'S1910M', 'units': {'AUSTRIA': [], 'ENGLAND': ['A NWY', 'F IRI', 'F NTH', 'F LON'], 'FRANCE': ['F ENG', 'A GAS', 'F MAO', 'A MAR'], 'GERMANY': ['F DEN', 'A RUH', 'A BEL', 'A BER', 'A MUN', 'A KIE'], 'ITALY': ['A VEN'], 'RUSSIA': ['A TRI', 'A SER', 'A RUM', 'A SWE', 'A STP', 'A TYR', 'A GAL', 'A SIL', 'F BLA', 'A BOH', 'A SMY'], 'TURKEY': ['A GRE', 'A BUL', 'F ADR', 'F ROM', 'A PIE', 'F ANK', 'F SPA/SC', 'F CON']}, 'retreats': {'AUSTRIA': {}, 'ENGLAND': {}, 'FRANCE': {}, 'GERMANY': {}, 'ITALY': {}, 'RUSSIA': {}, 'TURKEY': {}}, 'centers': {'AUSTRIA': [], 'ENGLAND': ['EDI', 'LON', 'LVP', 'NWY'], 'FRANCE': ['BRE', 'MAR', 'PAR', 'POR'], 'GERMANY': ['KIE', 'DEN', 'HOL', 'BEL', 'BER', 'MUN'], 'ITALY': ['VEN'], 'RUSSIA': ['MOS', 'SEV', 'STP', 'WAR', 'VIE', 'TRI', 'SER', 'BUD', 'SWE', 'RUM', 'SMY'], 'TURKEY': ['ANK', 'CON', 'BUL', 'GRE', 'TUN', 'NAP', 'ROM', 'SPA']}, 'homes': {'AUSTRIA': ['BUD', 'TRI', 'VIE'], 'ENGLAND': ['EDI', 'LON', 'LVP'], 'FRANCE': ['BRE', 'MAR', 'PAR'], 'GERMANY': ['BER', 'KIE', 'MUN'], 'ITALY': ['NAP', 'ROM', 'VEN'], 'RUSSIA': ['MOS', 'SEV', 'STP', 'WAR'], 'TURKEY': ['ANK', 'CON', 'SMY']}, 'influence': {'AUSTRIA': ['ALB'], 'ENGLAND': ['EDI', 'LVP', 'YOR', 'NWY', 'IRI', 'LON', 'NTH'], 'FRANCE': ['PAR', 'LYO', 'PIC', 'ENG', 'POR', 'GAS', 'MAO', 'BUR', 'BRE', 'MAR'], 'GERMANY': ['BAL', 'SKA', 'DEN', 'RUH', 'HOL', 'KIE', 'BEL', 'BER', 'MUN'], 'ITALY': ['VEN'], 'RUSSIA': ['MOS', 'STP', 'BOT', 'WAR', 'TRI', 'LVN', 'PRU', 'SER', 'BUD', 'FIN', 'RUM', 'UKR', 'SWE', 'VIE', 'TYR', 'GAL', 'SEV', 'SIL', 'BLA', 'ARM', 'BOH', 'SMY'], 'TURKEY': ['APU', 'TUN', 'NAP', 'WES', 'GRE', 'TYS', 'BUL', 'ADR', 'ROM', 'ION', 'PIE', 'AEG', 'ANK', 'SPA', 'CON']}, 'civil_disorder': {'AUSTRIA': 0, 'ENGLAND': 0, 'FRANCE': 0, 'GERMANY': 0, 'ITALY': 0, 'RUSSIA': 0, 'TURKEY': 0}, 'builds': {'AUSTRIA': {'count': 0, 'homes': []}, 'ENGLAND': {'count': 0, 'homes': []}, 'FRANCE': {'count': 0, 'homes': []}, 'GERMANY': {'count': 0, 'homes': []}, 'ITALY': {'count': 0, 'homes': []}, 'RUSSIA': {'count': 0, 'homes': []}, 'TURKEY': {'count': 0, 'homes': []}}, 'game_id': 'Wtvk9s8R5yKQ-Ulr', 'map': 'standard', 'rules': ['POWER_CHOICE']}","{'AUSTRIA': [], 'ENGLAND': ['F LON - WAL', 'F NTH S A NWY', 'F IRI - WAL', 'A NWY S F DEN - SWE'], 'FRANCE': ['F ENG - MAO', 'F MAO - POR', 'A GAS - SPA', 'A MAR S A GAS - SPA'], 'GERMANY': ['A BEL - PIC', 'F DEN - SWE', 'A RUH - BUR', 'A KIE - RUH', 'A MUN S A RUH - BUR', 'A BER S A MUN'], 'ITALY': ['A VEN S A TRI'], 'RUSSIA': ['A SWE S A STP - NWY', 'A STP - NWY', 'A BOH - MUN', 'A SIL S A BOH - MUN', 'A TYR - VEN', 'A GAL - RUM', 'A TRI S A TYR - VEN', 'F BLA S A RUM - BUL', 'A RUM - BUL', 'A SER S A RUM - BUL', 'A SMY - CON'], 'TURKEY': ['F SPA/SC S A PIE - MAR', 'A PIE - VEN', 'F ROM H', 'F ADR S A PIE - VEN', 'A GRE - SER', 'F ANK S F CON - BLA', 'A BUL S A GRE - SER', 'F CON - BLA']}","{'A NWY': ['cut'], 'F IRI': ['bounce'], 'F NTH': [], 'F LON': ['bounce'], 'F ENG': [], 'A GAS': [], 'F MAO': [], 'A MAR': [], 'F DEN': ['bounce'], 'A RUH': [], 'A BEL': [], 'A BER': [], 'A MUN': ['cut'], 'A KIE': [], 'A VEN': ['cut'], 'A TRI': [], 'A SER': ['cut'], 'A RUM': ['bounce'], 'A SWE': ['cut'], 'A STP': ['bounce'], 'A TYR': ['bounce'], 'A GAL': ['bounce'], 'A SIL': [], 'F BLA': ['cut', 'dislodged'], 'A BOH': ['bounce'], 'A SMY': [], 'A GRE': ['bounce'], 'A BUL': ['cut'], 'F ADR': [], 'F ROM': [], 'A PIE': ['bounce'], 'F ANK': [], 'F SPA/SC': ['void', 'dislodged'], 'F CON': []}","[{'sender': 'GERMANY', 'recipient': 'ENGLAND', 'time_sent': 1654638190163315, 'phase': 'S1910M', 'message': 'ORR (XDO (F IRI S A GAS - WAL)) (XDO (F LON S F MAO - ENG)) (XDO (F NTH S A KIE - DEN)) (XDO (A NWY - SWE))'}, {'sender': 'GERMANY', 'recipient': 'FRANCE', 'time_sent': 1654638190167940, 'phase': 'S1910M', 'message': 'ORR (XDO (F ENG S F DEN - NTH)) (XDO (A GAS S F MAO - SPA)) (XDO (F MAO - POR)) (XDO (A MAR S F MAO - SPA))'}, {'sender': 'GERMANY', 'recipient': 'ITALY', 'time_sent': 1654638190171487, 'phase': 'S1910M', 'message': 'XDO (A VEN S A TRI)'}, {'sender': 'GERMANY', 'recipient': 'RUSSIA', 'time_sent': 1654638190180015, 'phase': 'S1910M', 'message': 'ORR (XDO (F BLA S F ANK - CON)) (XDO (A BOH - GAL)) (XDO (A GAL S A SIL)) (XDO (A RUM S A SER - BUD)) (XDO (A SER S A GRE - ALB)) (XDO (A SIL - WAR)) (XDO (A SMY - ARM)) (XDO (A STP S F NTH - NWY)) (XDO (A SWE - FIN)) (XDO (A TRI S A VEN)) (XDO (A TYR S A RUH - MUN))'}, {'sender': 'GERMANY', 'recipient': 'TURKEY', 'time_sent': 1654638190187198, 'phase': 'S1910M', 'message': 'ORR (XDO (F ADR S A VEN - APU)) (XDO (F ANK S A BUL - CON)) (XDO (A BUL S F ANK - CON)) (XDO (F CON - SMY)) (XDO (A GRE S A BUL - SER)) (XDO (A PIE S A VEN - TYR)) (XDO (F ROM S A VEN - TUS)) (XDO (F SPA/SC S A GAS - MAR))'}, {'sender': 'ITALY', 'recipient': 'GERMANY', 'time_sent': 1654638190187357, 'phase': 'S1910M', 'message': 'YES (XDO (A VEN S A TRI))'}]"
S1910R,"{'timestamp': 1654638192381095, 'zobrist_hash': '4419395949153764510', 'note': '', 'name': 'S1910R', 'units': {'AUSTRIA': [], 'ENGLAND': ['A NWY', 'F IRI', 'F NTH', 'F LON'], 'FRANCE': ['A MAR', 'F MAO', 'A SPA', 'F POR'], 'GERMANY': ['F DEN', 'A BER', 'A MUN', 'A BUR', 'A PIC', 'A RUH'], 'ITALY': ['A VEN'], 'RUSSIA': ['A TRI', 'A SER', 'A RUM', 'A SWE', 'A STP', 'A TYR', 'A GAL', 'A SIL', 'A BOH', 'A CON', '*F BLA'], 'TURKEY': ['A GRE', 'A BUL', 'F ADR', 'F ROM', 'A PIE', 'F ANK', 'F BLA', '*F SPA/SC']}, 'retreats': {'AUSTRIA': {}, 'ENGLAND': {}, 'FRANCE': {}, 'GERMANY': {}, 'ITALY': {}, 'RUSSIA': {'F BLA': ['ARM', 'SEV']}, 'TURKEY': {'F SPA/SC': ['LYO', 'WES']}}, 'centers': {'AUSTRIA': [], 'ENGLAND': ['EDI', 'LON', 'LVP', 'NWY'], 'FRANCE': ['BRE', 'MAR', 'PAR', 'POR'], 'GERMANY': ['KIE', 'DEN', 'HOL', 'BEL', 'BER', 'MUN'], 'ITALY': ['VEN'], 'RUSSIA': ['MOS', 'SEV', 'STP', 'WAR', 'VIE', 'TRI', 'SER', 'BUD', 'SWE', 'RUM', 'SMY'], 'TURKEY': ['ANK', 'CON', 'BUL', 'GRE', 'TUN', 'NAP', 'ROM', 'SPA']}, 'homes': {'AUSTRIA': ['BUD', 'TRI', 'VIE'], 'ENGLAND': ['EDI', 'LON', 'LVP'], 'FRANCE': ['BRE', 'MAR', 'PAR'], 'GERMANY': ['BER', 'KIE', 'MUN'], 'ITALY': ['NAP', 'ROM', 'VEN'], 'RUSSIA': ['MOS', 'SEV', 'STP', 'WAR'], 'TURKEY': ['ANK', 'CON', 'SMY']}, 'influence': {'AUSTRIA': ['ALB'], 'ENGLAND': ['EDI', 'LVP', 'YOR', 'NWY', 'IRI', 'LON', 'NTH'], 'FRANCE': ['PAR', 'LYO', 'ENG', 'GAS', 'BRE', 'MAR', 'MAO', 'SPA', 'POR'], 'GERMANY': ['BAL', 'SKA', 'DEN', 'HOL', 'KIE', 'BEL', 'BER', 'MUN', 'BUR', 'PIC', 'RUH'], 'ITALY': ['VEN'], 'RUSSIA': ['MOS', 'STP', 'BOT', 'WAR', 'TRI', 'LVN', 'PRU', 'SER', 'BUD', 'FIN', 'RUM', 'UKR', 'SWE', 'VIE', 'TYR', 'GAL', 'SEV', 'SIL', 'ARM', 'BOH', 'SMY', 'CON'], 'TURKEY': ['APU', 'TUN', 'NAP', 'WES', 'GRE', 'TYS', 'BUL', 'ADR', 'ROM', 'ION', 'PIE', 'AEG', 'ANK', 'BLA']}, 'civil_disorder': {'AUSTRIA': 0, 'ENGLAND': 0, 'FRANCE': 0, 'GERMANY': 0, 'ITALY': 0, 'RUSSIA': 0, 'TURKEY': 0}, 'builds': {'AUSTRIA': {'count': 0, 'homes': []}, 'ENGLAND': {'count': 0, 'homes': []}, 'FRANCE': {'count': 0, 'homes': []}, 'GERMANY': {'count': 0, 'homes': []}, 'ITALY': {'count': 0, 'homes': []}, 'RUSSIA': {'count': 0, 'homes': []}, 'TURKEY': {'count': 0, 'homes': []}}, 'game_id': 'Wtvk9s8R5yKQ-Ulr', 'map': 'standard', 'rules': ['POWER_CHOICE']}","{'AUSTRIA': [], 'ENGLAND': [], 'FRANCE': [], 'GERMANY': [], 'ITALY': [], 'RUSSIA': ['F BLA R SEV'], 'TURKEY': ['F SPA/SC R WES']}","{'F BLA': [], 'F SPA/SC': [], 'A VEN': ['void']}",[]
F1910M,"{'timestamp': 1654638194085608, 'zobrist_hash': '6890500143435644998', 'note': '', 'name': 'F1910M', 'units': {'AUSTRIA': [], 'ENGLAND': ['A NWY', 'F IRI', 'F NTH', 'F LON'], 'FRANCE': ['A MAR', 'F MAO', 'A SPA', 'F POR'], 'GERMANY': ['F DEN', 'A BER', 'A MUN', 'A BUR', 'A PIC', 'A RUH'], 'ITALY': ['A VEN'], 'RUSSIA': ['A TRI', 'A SER', 'A RUM', 'A SWE', 'A STP', 'A TYR', 'A GAL', 'A SIL', 'A BOH', 'A CON', 'F SEV'], 'TURKEY': ['A GRE', 'A BUL', 'F ADR', 'F ROM', 'A PIE', 'F ANK', 'F BLA', 'F WES']}, 'retreats': {'AUSTRIA': {}, 'ENGLAND': {}, 'FRANCE': {}, 'GERMANY': {}, 'ITALY': {}, 'RUSSIA': {}, 'TURKEY': {}}, 'centers': {'AUSTRIA': [], 'ENGLAND': ['EDI', 'LON', 'LVP', 'NWY'], 'FRANCE': ['BRE', 'MAR', 'PAR', 'POR'], 'GERMANY': ['KIE', 'DEN', 'HOL', 'BEL', 'BER', 'MUN'], 'ITALY': ['VEN'], 'RUSSIA': ['MOS', 'SEV', 'STP', 'WAR', 'VIE', 'TRI', 'SER', 'BUD', 'SWE', 'RUM', 'SMY'], 'TURKEY': ['ANK', 'CON', 'BUL', 'GRE', 'TUN', 'NAP', 'ROM', 'SPA']}, 'homes': {'AUSTRIA': ['BUD', 'TRI', 'VIE'], 'ENGLAND': ['EDI', 'LON', 'LVP'], 'FRANCE': ['BRE', 'MAR', 'PAR'], 'GERMANY': ['BER', 'KIE', 'MUN'], 'ITALY': ['NAP', 'ROM', 'VEN'], 'RUSSIA': ['MOS', 'SEV', 'STP', 'WAR'], 'TURKEY': ['ANK', 'CON', 'SMY']}, 'influence': {'AUSTRIA': ['ALB'], 'ENGLAND': ['EDI', 'LVP', 'YOR', 'NWY', 'IRI', 'LON', 'NTH'], 'FRANCE': ['PAR', 'LYO', 'ENG', 'GAS', 'BRE', 'MAR', 'MAO', 'SPA', 'POR'], 'GERMANY': ['BAL', 'SKA', 'DEN', 'HOL', 'KIE', 'BEL', 'BER', 'MUN', 'BUR', 'PIC', 'RUH'], 'ITALY': ['VEN'], 'RUSSIA': ['MOS', 'STP', 'BOT', 'WAR', 'TRI', 'LVN', 'PRU', 'SER', 'BUD', 'FIN', 'RUM', 'UKR', 'SWE', 'VIE', 'TYR', 'GAL', 'SIL', 'ARM', 'BOH', 'SMY', 'CON', 'SEV'], 'TURKEY': ['APU', 'TUN', 'NAP', 'GRE', 'TYS', 'BUL', 'ADR', 'ROM', 'ION', 'PIE', 'AEG', 'ANK', 'BLA', 'WES']}, 'civil_disorder': {'AUSTRIA': 0, 'ENGLAND': 0, 'FRANCE': 0, 'GERMANY': 0, 'ITALY': 0, 'RUSSIA': 0, 'TURKEY': 0}, 'builds': {'AUSTRIA': {'count': 0, 'homes': []}, 'ENGLAND': {'count': 0, 'homes': []}, 'FRANCE': {'count': 0, 'homes': []}, 'GERMANY': {'count': 0, 'homes': []}, 'ITALY': {'count': 0, 'homes': []}, 'RUSSIA': {'count': 0, 'homes': []}, 'TURKEY': {'count': 0, 'homes': []}}, 'game_id': 'Wtvk9s8R5yKQ-Ulr', 'map': 'standard', 'rules': ['POWER_CHOICE']}","{'AUSTRIA': [], 'ENGLAND': ['F LON - ENG', 'F NTH S A NWY', 'F IRI S F LON - ENG', 'A NWY S F DEN - SWE'], 'FRANCE': ['F MAO - BRE', 'F POR H', 'A SPA S A MAR', 'A MAR H'], 'GERMANY': ['F DEN - SWE', 'A PIC - BRE', 'A BUR - PAR', 'A RUH S A MUN', 'A MUN S A BER', 'A BER S A MUN'], 'ITALY': ['A VEN S A TRI - APU'], 'RUSSIA': ['A SWE S A STP - NWY', 'A STP - NWY', 'A BOH - MUN', 'A SIL S A BOH - MUN', 'A TYR - VEN', 'F SEV - BLA', 'A GAL - RUM', 'A TRI S A TYR - VEN', 'A RUM - BUL', 'A SER S A RUM - BUL', 'A CON S A RUM - BUL'], 'TURKEY': ['F WES - SPA/SC', 'A PIE - VEN', 'F ROM H', 'F BLA - CON', 'F ADR S A PIE - VEN', 'A GRE - SER', 'F ANK S F BLA - CON', 'A BUL S F BLA - CON']}","{'A NWY': ['cut'], 'F IRI': [], 'F NTH': [], 'F LON': [], 'A MAR': [], 'F MAO': ['bounce'], 'A SPA': ['cut'], 'F POR': [], 'F DEN': ['bounce'], 'A BER': [], 'A MUN': ['cut'], 'A BUR': [], 'A PIC': ['bounce'], 'A RUH': [], 'A VEN': ['void'], 'A TRI': [], 'A SER': ['cut'], 'A RUM': ['bounce'], 'A SWE': ['cut'], 'A STP': ['bounce'], 'A TYR': ['bounce'], 'A GAL': ['bounce'], 'A SIL': [], 'A BOH': ['bounce'], 'A CON': ['cut', 'dislodged'], 'F SEV': [], 'A GRE': ['bounce'], 'A BUL': ['cut'], 'F ADR': [], 'F ROM': [], 'A PIE': ['bounce'], 'F ANK': [], 'F BLA': [], 'F WES': ['bounce']}","[{'sender': 'GERMANY', 'recipient': 'ENGLAND', 'time_sent': 1654638192691797, 'phase': 'F1910M', 'message': 'ORR (XDO (F IRI H)) (XDO (F LON - NTH)) (XDO (F NTH S A SWE - NWY)) (XDO (A NWY S A STP - FIN))'}, {'sender': 'GERMANY', 'recipient': 'FRANCE', 'time_sent': 1654638192697316, 'phase': 'F1910M', 'message': 'ORR (XDO (F MAO - POR)) (XDO (A MAR S F POR - SPA/SC)) (XDO (F POR S A SPA)) (XDO (A SPA - LVP VIA))'}, {'sender': 'GERMANY', 'recipient': 'ITALY', 'time_sent': 1654638192701317, 'phase': 'F1910M', 'message': 'XDO (A VEN S A TRI - APU)'}, {'sender': 'GERMANY', 'recipient': 'RUSSIA', 'time_sent': 1654638192709878, 'phase': 'F1910M', 'message': 'ORR (XDO (A BOH H)) (XDO (A CON S F BLA - BUL)) (XDO (A GAL S A SIL)) (XDO (A RUM S A SER - BUD)) (XDO (A SER - TRI)) (XDO (F SEV S F BLA - RUM)) (XDO (A SIL - WAR)) (XDO (A STP S F NTH - NWY)) (XDO (A SWE - FIN)) (XDO (A TRI S A GAL - BUD)) (XDO (A TYR S A RUH - MUN))'}, {'sender': 'GERMANY', 'recipient': 'TURKEY', 'time_sent': 1654638192720274, 'phase': 'F1910M', 'message': 'ORR (XDO (F ANK - BLA)) (XDO (F BLA S A BUL - CON)) (XDO (A BUL S A SER - GRE)) (XDO (A GRE S F ADR - ALB)) (XDO (A PIE S F ROM - TUS)) (XDO (F ROM S A VEN - TUS)) (XDO (F WES - TYS))'}, {'sender': 'ITALY', 'recipient': 'GERMANY', 'time_sent': 1654638192720520, 'phase': 'F1910M', 'message': 'YES (XDO (A VEN S A TRI - APU))'}]"
F1910R,"{'timestamp': 1654638194642687, 'zobrist_hash': '3167840666644260134', 'note': '', 'name': 'F1910R', 'units': {'AUSTRIA': [], 'ENGLAND': ['A NWY', 'F IRI', 'F NTH', 'F ENG'], 'FRANCE': ['A MAR', 'F MAO', 'A SPA', 'F POR'], 'GERMANY': ['F DEN', 'A BER', 'A MUN', 'A PIC', 'A RUH', 'A PAR'], 'ITALY': ['A VEN'], 'RUSSIA': ['A TRI', 'A SER', 'A RUM', 'A SWE', 'A STP', 'A TYR', 'A GAL', 'A SIL', 'A BOH', 'F BLA', '*A CON'], 'TURKEY': ['A GRE', 'A BUL', 'F ADR', 'F ROM', 'A PIE', 'F ANK', 'F WES', 'F CON']}, 'retreats': {'AUSTRIA': {}, 'ENGLAND': {}, 'FRANCE': {}, 'GERMANY': {}, 'ITALY': {}, 'RUSSIA': {'A CON': ['SMY']}, 'TURKEY': {}}, 'centers': {'AUSTRIA': [], 'ENGLAND': ['EDI', 'LON', 'LVP', 'NWY'], 'FRANCE': ['BRE', 'MAR', 'PAR', 'POR'], 'GERMANY': ['KIE', 'DEN', 'HOL', 'BEL', 'BER', 'MUN'], 'ITALY': ['VEN'], 'RUSSIA': ['MOS', 'SEV', 'STP', 'WAR', 'VIE', 'TRI', 'SER', 'BUD', 'SWE', 'RUM', 'SMY'], 'TURKEY': ['ANK', 'CON', 'BUL', 'GRE', 'TUN', 'NAP', 'ROM', 'SPA']}, 'homes': {'AUSTRIA': ['BUD', 'TRI', 'VIE'], 'ENGLAND': ['EDI', 'LON', 'LVP'], 'FRANCE': ['BRE', 'MAR', 'PAR'], 'GERMANY': ['BER', 'KIE', 'MUN'], 'ITALY': ['NAP', 'ROM', 'VEN'], 'RUSSIA': ['MOS', 'SEV', 'STP', 'WAR'], 'TURKEY': ['ANK', 'CON', 'SMY']}, 'influence': {'AUSTRIA': ['ALB'], 'ENGLAND': ['EDI', 'LVP', 'YOR', 'NWY', 'IRI', 'LON', 'NTH', 'ENG'], 'FRANCE': ['LYO', 'GAS', 'BRE', 'MAR', 'MAO', 'SPA', 'POR'], 'GERMANY': ['BAL', 'SKA', 'DEN', 'HOL', 'KIE', 'BEL', 'BER', 'MUN', 'BUR', 'PIC', 'RUH', 'PAR'], 'ITALY': ['VEN'], 'RUSSIA': ['MOS', 'STP', 'BOT', 'WAR', 'TRI', 'LVN', 'PRU', 'SER', 'BUD', 'FIN', 'RUM', 'UKR', 'SWE', 'VIE', 'TYR', 'GAL', 'SIL', 'ARM', 'BOH', 'SMY', 'SEV', 'BLA'], 'TURKEY': ['APU', 'TUN', 'NAP', 'GRE', 'TYS', 'BUL', 'ADR', 'ROM', 'ION', 'PIE', 'AEG', 'ANK', 'WES', 'CON']}, 'civil_disorder': {'AUSTRIA': 0, 'ENGLAND': 0, 'FRANCE': 0, 'GERMANY': 0, 'ITALY': 0, 'RUSSIA': 0, 'TURKEY': 0}, 'builds': {'AUSTRIA': {'count': 0, 'homes': []}, 'ENGLAND': {'count': 0, 'homes': []}, 'FRANCE': {'count': 0, 'homes': []}, 'GERMANY': {'count': 0, 'homes': []}, 'ITALY': {'count': 0, 'homes': []}, 'RUSSIA': {'count': 0, 'homes': []}, 'TURKEY': {'count': 0, 'homes': []}}, 'game_id': 'Wtvk9s8R5yKQ-Ulr', 'map': 'standard', 'rules': ['POWER_CHOICE']}","{'AUSTRIA': [], 'ENGLAND': [], 'FRANCE': [], 'GERMANY': [], 'ITALY': [], 'RUSSIA': ['A CON R SMY'], 'TURKEY': []}","{'A CON': [], 'A VEN': ['void']}",[]
W1910A,"{'timestamp': 1654638195463847, 'zobrist_hash': '451080774246596258', 'note': '', 'name': 'W1910A', 'units': {'AUSTRIA': [], 'ENGLAND': ['A NWY', 'F IRI', 'F NTH', 'F ENG'], 'FRANCE': ['A MAR', 'F MAO', 'A SPA', 'F POR'], 'GERMANY': ['F DEN', 'A BER', 'A MUN', 'A PIC', 'A RUH', 'A PAR'], 'ITALY': ['A VEN'], 'RUSSIA': ['A TRI', 'A SER', 'A RUM', 'A SWE', 'A STP', 'A TYR', 'A GAL', 'A SIL', 'A BOH', 'F BLA', 'A SMY'], 'TURKEY': ['A GRE', 'A BUL', 'F ADR', 'F ROM', 'A PIE', 'F ANK', 'F WES', 'F CON']}, 'retreats': {'AUSTRIA': {}, 'ENGLAND': {}, 'FRANCE': {}, 'GERMANY': {}, 'ITALY': {}, 'RUSSIA': {}, 'TURKEY': {}}, 'centers': {'AUSTRIA': [], 'ENGLAND': ['EDI', 'LON', 'LVP', 'NWY'], 'FRANCE': ['BRE', 'MAR', 'POR', 'SPA'], 'GERMANY': ['KIE', 'DEN', 'HOL', 'BEL', 'BER', 'MUN', 'PAR'], 'ITALY': ['VEN'], 'RUSSIA': ['MOS', 'SEV', 'STP', 'WAR', 'VIE', 'TRI', 'SER', 'BUD', 'SWE', 'RUM', 'SMY'], 'TURKEY': ['ANK', 'CON', 'BUL', 'GRE', 'TUN', 'NAP', 'ROM']}, 'homes': {'AUSTRIA': ['BUD', 'TRI', 'VIE'], 'ENGLAND': ['EDI', 'LON', 'LVP'], 'FRANCE': ['BRE', 'MAR', 'PAR'], 'GERMANY': ['BER', 'KIE', 'MUN'], 'ITALY': ['NAP', 'ROM', 'VEN'], 'RUSSIA': ['MOS', 'SEV', 'STP', 'WAR'], 'TURKEY': ['ANK', 'CON', 'SMY']}, 'influence': {'AUSTRIA': ['ALB'], 'ENGLAND': ['EDI', 'LVP', 'YOR', 'NWY', 'IRI', 'LON', 'NTH', 'ENG'], 'FRANCE': ['LYO', 'GAS', 'BRE', 'MAR', 'MAO', 'SPA', 'POR'], 'GERMANY': ['BAL', 'SKA', 'DEN', 'HOL', 'KIE', 'BEL', 'BER', 'MUN', 'BUR', 'PIC', 'RUH', 'PAR'], 'ITALY': ['VEN'], 'RUSSIA': ['MOS', 'STP', 'BOT', 'WAR', 'TRI', 'LVN', 'PRU', 'SER', 'BUD', 'FIN', 'RUM', 'UKR', 'SWE', 'VIE', 'TYR', 'GAL', 'SIL', 'ARM', 'BOH', 'SEV', 'BLA', 'SMY'], 'TURKEY': ['APU', 'TUN', 'NAP', 'GRE', 'TYS', 'BUL', 'ADR', 'ROM', 'ION', 'PIE', 'AEG', 'ANK', 'WES', 'CON']}, 'civil_disorder': {'AUSTRIA': 0, 'ENGLAND': 0, 'FRANCE': 0, 'GERMANY': 0, 'ITALY': 0, 'RUSSIA': 0, 'TURKEY': 0}, 'builds': {'AUSTRIA': {'count': 0, 'homes': []}, 'ENGLAND': {'count': 0, 'homes': []}, 'FRANCE': {'count': 0, 'homes': []}, 'GERMANY': {'count': 1, 'homes': ['KIE']}, 'ITALY': {'count': 0, 'homes': []}, 'RUSSIA': {'count': 0, 'homes': []}, 'TURKEY': {'count': -1, 'homes': []}}, 'game_id': 'Wtvk9s8R5yKQ-Ulr', 'map': 'standard', 'rules': ['POWER_CHOICE']}","{'AUSTRIA': [], 'ENGLAND': [], 'FRANCE': [], 'GERMANY': ['A KIE B'], 'ITALY': [], 'RUSSIA': [], 'TURKEY': ['F WES D']}","{'A KIE': [''], 'A VEN': ['void'], 'F WES': ['']}",[]
S1911M,"{'timestamp': 1654638197161083, 'zobrist_hash': '6221858473053080268', 'note': '', 'name': 'S1911M', 'units': {'AUSTRIA': [], 'ENGLAND': ['A NWY', 'F IRI', 'F NTH', 'F ENG'], 'FRANCE': ['A MAR', 'F MAO', 'A SPA', 'F POR'], 'GERMANY': ['F DEN', 'A BER', 'A MUN', 'A PIC', 'A RUH', 'A PAR', 'A KIE'], 'ITALY': ['A VEN'], 'RUSSIA': ['A TRI', 'A SER', 'A RUM', 'A SWE', 'A STP', 'A TYR', 'A GAL', 'A SIL', 'A BOH', 'F BLA', 'A SMY'], 'TURKEY': ['A GRE', 'A BUL', 'F ADR', 'F ROM', 'A PIE', 'F ANK', 'F CON']}, 'retreats': {'AUSTRIA': {}, 'ENGLAND': {}, 'FRANCE': {}, 'GERMANY': {}, 'ITALY': {}, 'RUSSIA': {}, 'TURKEY': {}}, 'centers': {'AUSTRIA': [], 'ENGLAND': ['EDI', 'LON', 'LVP', 'NWY'], 'FRANCE': ['BRE', 'MAR', 'POR', 'SPA'], 'GERMANY': ['KIE', 'DEN', 'HOL', 'BEL', 'BER', 'MUN', 'PAR'], 'ITALY': ['VEN'], 'RUSSIA': ['MOS', 'SEV', 'STP', 'WAR', 'VIE', 'TRI', 'SER', 'BUD', 'SWE', 'RUM', 'SMY'], 'TURKEY': ['ANK', 'CON', 'BUL', 'GRE', 'TUN', 'NAP', 'ROM']}, 'homes': {'AUSTRIA': ['BUD', 'TRI', 'VIE'], 'ENGLAND': ['EDI', 'LON', 'LVP'], 'FRANCE': ['BRE', 'MAR', 'PAR'], 'GERMANY': ['BER', 'KIE', 'MUN'], 'ITALY': ['NAP', 'ROM', 'VEN'], 'RUSSIA': ['MOS', 'SEV', 'STP', 'WAR'], 'TURKEY': ['ANK', 'CON', 'SMY']}, 'influence': {'AUSTRIA': ['ALB'], 'ENGLAND': ['EDI', 'LVP', 'YOR', 'NWY', 'IRI', 'LON', 'NTH', 'ENG'], 'FRANCE': ['LYO', 'GAS', 'BRE', 'MAR', 'MAO', 'SPA', 'POR'], 'GERMANY': ['BAL', 'SKA', 'DEN', 'HOL', 'KIE', 'BEL', 'BER', 'MUN', 'BUR', 'PIC', 'RUH', 'PAR'], 'ITALY': ['VEN'], 'RUSSIA': ['MOS', 'STP', 'BOT', 'WAR', 'TRI', 'LVN', 'PRU', 'SER', 'BUD', 'FIN', 'RUM', 'UKR', 'SWE', 'VIE', 'TYR', 'GAL', 'SIL', 'ARM', 'BOH', 'SEV', 'BLA', 'SMY'], 'TURKEY': ['APU', 'TUN', 'NAP', 'GRE', 'TYS', 'BUL', 'ADR', 'ROM', 'ION', 'PIE', 'AEG', 'ANK', 'WES', 'CON']}, 'civil_disorder': {'AUSTRIA': 0, 'ENGLAND': 0, 'FRANCE': 0, 'GERMANY': 0, 'ITALY': 0, 'RUSSIA': 0, 'TURKEY': 0}, 'builds': {'AUSTRIA': {'count': 0, 'homes': []}, 'ENGLAND': {'count': 0, 'homes': []}, 'FRANCE': {'count': 0, 'homes': []}, 'GERMANY': {'count': 0, 'homes': []}, 'ITALY': {'count': 0, 'homes': []}, 'RUSSIA': {'count': 0, 'homes': []}, 'TURKEY': {'count': 0, 'homes': []}}, 'game_id': 'Wtvk9s8R5yKQ-Ulr', 'map': 'standard', 'rules': ['POWER_CHOICE']}","{'AUSTRIA': [], 'ENGLAND': ['F NTH S A NWY', 'F ENG S F IRI - MAO', 'F IRI - MAO', 'A NWY S F DEN - SWE'], 'FRANCE': ['F MAO S A SPA - GAS', 'F POR S F MAO', 'A SPA - GAS', 'A MAR S A SPA - GAS'], 'GERMANY': ['F DEN - SWE', 'A PIC - BRE', 'A RUH S A MUN', 'A KIE S A MUN', 'A PAR S A PIC - BRE', 'A MUN S A BER - SIL', 'A BER - SIL'], 'ITALY': ['A VEN S A TRI - APU'], 'RUSSIA': ['A SWE S A STP - NWY', 'A STP - NWY', 'A BOH - MUN', 'A SIL S A BOH - MUN', 'A TYR - VEN', 'A GAL - RUM', 'A TRI S A TYR - VEN', 'F BLA S A RUM - BUL', 'A RUM - BUL', 'A SER S A RUM - BUL', 'A SMY - CON'], 'TURKEY': ['A PIE - VEN', 'F ROM H', 'F ADR S A PIE - VEN', 'A GRE - SER', 'F ANK S F CON - BLA', 'A BUL S A GRE - SER', 'F CON - BLA']}","{'A NWY': ['cut'], 'F IRI': ['bounce'], 'F NTH': [], 'F ENG': [], 'A MAR': [], 'F MAO': ['cut'], 'A SPA': [], 'F POR': [], 'F DEN': ['bounce'], 'A BER': ['bounce'], 'A MUN': ['cut'], 'A PIC': [], 'A RUH': [], 'A PAR': [], 'A KIE': [], 'A VEN': ['void'], 'A TRI': [], 'A SER': ['cut'], 'A RUM': ['bounce'], 'A SWE': ['cut'], 'A STP': ['bounce'], 'A TYR': ['bounce'], 'A GAL': ['bounce'], 'A SIL': ['cut'], 'A BOH': ['bounce'], 'F BLA': ['cut', 'dislodged'], 'A SMY': [], 'A GRE': ['bounce'], 'A BUL': ['cut'], 'F ADR': [], 'F ROM': [], 'A PIE': ['bounce'], 'F ANK': [], 'F CON': []}","[{'sender': 'GERMANY', 'recipient': 'ENGLAND', 'time_sent': 1654638195769253, 'phase': 'S1911M', 'message': 'ORR (XDO (F ENG C A SPA - PIC)) (XDO (F IRI S F NTH - ENG)) (XDO (F NTH S F IRI - ENG)) (XDO (A NWY - POR VIA))'}, {'sender': 'GERMANY', 'recipient': 'FRANCE', 'time_sent': 1654638195775171, 'phase': 'S1911M', 'message': 'ORR (XDO (F MAO - POR)) (XDO (A MAR S F POR - SPA/SC)) (XDO (F POR - SPA/NC)) (XDO (A SPA S F MAO - POR))'}, {'sender': 'GERMANY', 'recipient': 'ITALY', 'time_sent': 1654638195779102, 'phase': 'S1911M', 'message': 'XDO (A VEN S A TRI - APU)'}, {'sender': 'GERMANY', 'recipient': 'RUSSIA', 'time_sent': 1654638195788879, 'phase': 'S1911M', 'message': 'ORR (XDO (F BLA S A RUM)) (XDO (A BOH S A VEN - TYR)) (XDO (A GAL S A SIL)) (XDO (A RUM S A SER - BUD)) (XDO (A SER - TRI)) (XDO (A SIL - WAR)) (XDO (A SMY - CON)) (XDO (A STP - NWY)) (XDO (A SWE - FIN)) (XDO (A TRI - VEN VIA)) (XDO (A TYR S A RUH - MUN))'}, {'sender': 'GERMANY', 'recipient': 'TURKEY', 'time_sent': 1654638195795979, 'phase': 'S1911M', 'message': 'ORR (XDO (F ADR S A VEN)) (XDO (F ANK - BLA)) (XDO (A BUL S A SER)) (XDO (F CON - SMY)) (XDO (A GRE S A BUL - SER)) (XDO (A PIE S F ROM - TUS)) (XDO (F ROM H))'}, {'sender': 'ITALY', 'recipient': 'GERMANY', 'time_sent': 1654638195796159, 'phase': 'S1911M', 'message': 'YES (XDO (A VEN S A TRI - APU))'}]"
S1911R,"{'timestamp': 1654638197716250, 'zobrist_hash': '781634149385458617', 'note': '', 'name': 'S1911R', 'units': {'AUSTRIA': [], 'ENGLAND': ['A NWY', 'F IRI', 'F NTH', 'F ENG'], 'FRANCE': ['A MAR', 'F MAO', 'F POR', 'A GAS'], 'GERMANY': ['F DEN', 'A BER', 'A MUN', 'A RUH', 'A PAR', 'A KIE', 'A BRE'], 'ITALY': ['A VEN'], 'RUSSIA': ['A TRI', 'A SER', 'A RUM', 'A SWE', 'A STP', 'A TYR', 'A GAL', 'A SIL', 'A BOH', 'A CON', '*F BLA'], 'TURKEY': ['A GRE', 'A BUL', 'F ADR', 'F ROM', 'A PIE', 'F ANK', 'F BLA']}, 'retreats': {'AUSTRIA': {}, 'ENGLAND': {}, 'FRANCE': {}, 'GERMANY': {}, 'ITALY': {}, 'RUSSIA': {'F BLA': ['ARM', 'SEV']}, 'TURKEY': {}}, 'centers': {'AUSTRIA': [], 'ENGLAND': ['EDI', 'LON', 'LVP', 'NWY'], 'FRANCE': ['BRE', 'MAR', 'POR', 'SPA'], 'GERMANY': ['KIE', 'DEN', 'HOL', 'BEL', 'BER', 'MUN', 'PAR'], 'ITALY': ['VEN'], 'RUSSIA': ['MOS', 'SEV', 'STP', 'WAR', 'VIE', 'TRI', 'SER', 'BUD', 'SWE', 'RUM', 'SMY'], 'TURKEY': ['ANK', 'CON', 'BUL', 'GRE', 'TUN', 'NAP', 'ROM']}, 'homes': {'AUSTRIA': ['BUD', 'TRI', 'VIE'], 'ENGLAND': ['EDI', 'LON', 'LVP'], 'FRANCE': ['BRE', 'MAR', 'PAR'], 'GERMANY': ['BER', 'KIE', 'MUN'], 'ITALY': ['NAP', 'ROM', 'VEN'], 'RUSSIA': ['MOS', 'SEV', 'STP', 'WAR'], 'TURKEY': ['ANK', 'CON', 'SMY']}, 'influence': {'AUSTRIA': ['ALB'], 'ENGLAND': ['EDI', 'LVP', 'YOR', 'NWY', 'IRI', 'LON', 'NTH', 'ENG'], 'FRANCE': ['LYO', 'MAR', 'MAO', 'SPA', 'POR', 'GAS'], 'GERMANY': ['BAL', 'SKA', 'DEN', 'HOL', 'KIE', 'BEL', 'BER', 'MUN', 'BUR', 'PIC', 'RUH', 'PAR', 'BRE'], 'ITALY': ['VEN'], 'RUSSIA': ['MOS', 'STP', 'BOT', 'WAR', 'TRI', 'LVN', 'PRU', 'SER', 'BUD', 'FIN', 'RUM', 'UKR', 'SWE', 'VIE', 'TYR', 'GAL', 'SIL', 'ARM', 'BOH', 'SEV', 'SMY', 'CON'], 'TURKEY': ['APU', 'TUN', 'NAP', 'GRE', 'TYS', 'BUL', 'ADR', 'ROM', 'ION', 'PIE', 'AEG', 'ANK', 'WES', 'BLA']}, 'civil_disorder': {'AUSTRIA': 0, 'ENGLAND': 0, 'FRANCE': 0, 'GERMANY': 0, 'ITALY': 0, 'RUSSIA': 0, 'TURKEY': 0}, 'builds': {'AUSTRIA': {'count': 0, 'homes': []}, 'ENGLAND': {'count': 0, 'homes': []}, 'FRANCE': {'count': 0, 'homes': []}, 'GERMANY': {'count': 0, 'homes': []}, 'ITALY': {'count': 0, 'homes': []}, 'RUSSIA': {'count': 0, 'homes': []}, 'TURKEY': {'count': 0, 'homes': []}}, 'game_id': 'Wtvk9s8R5yKQ-Ulr', 'map': 'standard', 'rules': ['POWER_CHOICE']}","{'AUSTRIA': [], 'ENGLAND': [], 'FRANCE': [], 'GERMANY': [], 'ITALY': [], 'RUSSIA': ['F BLA R SEV'], 'TURKEY': []}","{'F BLA': [], 'A VEN': ['void']}",[]
F1911M,"{'timestamp': 1654638199421530, 'zobrist_hash': '7597151957641855570', 'note': '', 'name': 'F1911M', 'units': {'AUSTRIA': [], 'ENGLAND': ['A NWY', 'F IRI', 'F NTH', 'F ENG'], 'FRANCE': ['A MAR', 'F MAO', 'F POR', 'A GAS'], 'GERMANY': ['F DEN', 'A BER', 'A MUN', 'A RUH', 'A PAR', 'A KIE', 'A BRE'], 'ITALY': ['A VEN'], 'RUSSIA': ['A TRI', 'A SER', 'A RUM', 'A SWE', 'A STP', 'A TYR', 'A GAL', 'A SIL', 'A BOH', 'A CON', 'F SEV'], 'TURKEY': ['A GRE', 'A BUL', 'F ADR', 'F ROM', 'A PIE', 'F ANK', 'F BLA']}, 'retreats': {'AUSTRIA': {}, 'ENGLAND': {}, 'FRANCE': {}, 'GERMANY': {}, 'ITALY': {}, 'RUSSIA': {}, 'TURKEY': {}}, 'centers': {'AUSTRIA': [], 'ENGLAND': ['EDI', 'LON', 'LVP', 'NWY'], 'FRANCE': ['BRE', 'MAR', 'POR', 'SPA'], 'GERMANY': ['KIE', 'DEN', 'HOL', 'BEL', 'BER', 'MUN', 'PAR'], 'ITALY': ['VEN'], 'RUSSIA': ['MOS', 'SEV', 'STP', 'WAR', 'VIE', 'TRI', 'SER', 'BUD', 'SWE', 'RUM', 'SMY'], 'TURKEY': ['ANK', 'CON', 'BUL', 'GRE', 'TUN', 'NAP', 'ROM']}, 'homes': {'AUSTRIA': ['BUD', 'TRI', 'VIE'], 'ENGLAND': ['EDI', 'LON', 'LVP'], 'FRANCE': ['BRE', 'MAR', 'PAR'], 'GERMANY': ['BER', 'KIE', 'MUN'], 'ITALY': ['NAP', 'ROM', 'VEN'], 'RUSSIA': ['MOS', 'SEV', 'STP', 'WAR'], 'TURKEY': ['ANK', 'CON', 'SMY']}, 'influence': {'AUSTRIA': ['ALB'], 'ENGLAND': ['EDI', 'LVP', 'YOR', 'NWY', 'IRI', 'LON', 'NTH', 'ENG'], 'FRANCE': ['LYO', 'MAR', 'MAO', 'SPA', 'POR', 'GAS'], 'GERMANY': ['BAL', 'SKA', 'DEN', 'HOL', 'KIE', 'BEL', 'BER', 'MUN', 'BUR', 'PIC', 'RUH', 'PAR', 'BRE'], 'ITALY': ['VEN'], 'RUSSIA': ['MOS', 'STP', 'BOT', 'WAR', 'TRI', 'LVN', 'PRU', 'SER', 'BUD', 'FIN', 'RUM', 'UKR', 'SWE', 'VIE', 'TYR', 'GAL', 'SIL', 'ARM', 'BOH', 'SMY', 'CON', 'SEV'], 'TURKEY': ['APU', 'TUN', 'NAP', 'GRE', 'TYS', 'BUL', 'ADR', 'ROM', 'ION', 'PIE', 'AEG', 'ANK', 'WES', 'BLA']}, 'civil_disorder': {'AUSTRIA': 0, 'ENGLAND': 0, 'FRANCE': 0, 'GERMANY': 0, 'ITALY': 0, 'RUSSIA': 0, 'TURKEY': 0}, 'builds': {'AUSTRIA': {'count': 0, 'homes': []}, 'ENGLAND': {'count': 0, 'homes': []}, 'FRANCE': {'count': 0, 'homes': []}, 'GERMANY': {'count': 0, 'homes': []}, 'ITALY': {'count': 0, 'homes': []}, 'RUSSIA': {'count': 0, 'homes': []}, 'TURKEY': {'count': 0, 'homes': []}}, 'game_id': 'Wtvk9s8R5yKQ-Ulr', 'map': 'standard', 'rules': ['POWER_CHOICE']}","{'AUSTRIA': [], 'ENGLAND': ['F NTH S A NWY', 'F ENG S F IRI - MAO', 'F IRI - MAO', 'A NWY S F DEN - SWE'], 'FRANCE': ['F MAO S A GAS - BRE', 'A GAS - BRE', 'F POR S F MAO', 'A MAR S A GAS'], 'GERMANY': ['F DEN - SWE', 'A BRE S A PAR', 'A RUH S A MUN', 'A KIE - HOL', 'A PAR S A BRE', 'A MUN S A BER', 'A BER S A MUN'], 'ITALY': ['A VEN S A TRI - APU'], 'RUSSIA': ['A SWE S A STP - NWY', 'A STP - NWY', 'A BOH - MUN', 'A SIL S A BOH - MUN', 'A TYR - VEN', 'F SEV - BLA', 'A GAL - RUM', 'A TRI S A TYR - VEN', 'A RUM - BUL', 'A SER S A RUM - BUL', 'A CON S A RUM - BUL'], 'TURKEY': ['A PIE - VEN', 'F ROM H', 'F BLA - CON', 'F ADR S A PIE - VEN', 'A GRE - SER', 'F ANK S F BLA - CON', 'A BUL S F BLA - CON']}","{'A NWY': ['cut'], 'F IRI': ['bounce'], 'F NTH': [], 'F ENG': [], 'A MAR': ['void'], 'F MAO': ['cut'], 'F POR': [], 'A GAS': ['bounce'], 'F DEN': ['bounce'], 'A BER': [], 'A MUN': ['cut'], 'A RUH': [], 'A PAR': [], 'A KIE': [], 'A BRE': ['cut'], 'A VEN': ['void'], 'A TRI': [], 'A SER': ['cut'], 'A RUM': ['bounce'], 'A SWE': ['cut'], 'A STP': ['bounce'], 'A TYR': ['bounce'], 'A GAL': ['bounce'], 'A SIL': [], 'A BOH': ['bounce'], 'A CON': ['cut', 'dislodged'], 'F SEV': [], 'A GRE': ['bounce'], 'A BUL': ['cut'], 'F ADR': [], 'F ROM': [], 'A PIE': ['bounce'], 'F ANK': [], 'F BLA': []}","[{'sender': 'GERMANY', 'recipient': 'ENGLAND', 'time_sent': 1654638198024139, 'phase': 'F1911M', 'message': 'ORR (XDO (F ENG S F DEN - NTH)) (XDO (F NTH S A SWE - NWY)) (XDO (A NWY - POR VIA))'}, {'sender': 'GERMANY', 'recipient': 'FRANCE', 'time_sent': 1654638198030347, 'phase': 'F1911M', 'message': 'ORR (XDO (A GAS S F MAO - SPA)) (XDO (F MAO C A BRE - SPA)) (XDO (A MAR S F MAO - SPA)) (XDO (F POR S A NWY - SPA))'}, {'sender': 'GERMANY', 'recipient': 'ITALY', 'time_sent': 1654638198034760, 'phase': 'F1911M', 'message': 'XDO (A VEN S A TRI - APU)'}, {'sender': 'GERMANY', 'recipient': 'RUSSIA', 'time_sent': 1654638198044989, 'phase': 'F1911M', 'message': 'ORR (XDO (A BOH S A MUN - SIL)) (XDO (A CON - ANK)) (XDO (A GAL S A BOH - VIE)) (XDO (A RUM - BUD)) (XDO (A SER S A VEN - ALB)) (XDO (F SEV S F BLA - RUM)) (XDO (A SIL S A GAL - WAR)) (XDO (A STP - NWY)) (XDO (A SWE S A STP - FIN)) (XDO (A TRI - VEN VIA)) (XDO (A TYR S A RUH - MUN))'}, {'sender': 'GERMANY', 'recipient': 'TURKEY', 'time_sent': 1654638198052998, 'phase': 'F1911M', 'message': 'ORR (XDO (F ADR S A VEN - APU)) (XDO (F ANK S A BUL - CON)) (XDO (F BLA S A BUL - CON)) (XDO (A BUL S F ANK - CON)) (XDO (A GRE S A CON - BUL)) (XDO (A PIE S F ROM - TUS)) (XDO (F ROM H))'}, {'sender': 'ITALY', 'recipient': 'GERMANY', 'time_sent': 1654638198053204, 'phase': 'F1911M', 'message': 'YES (XDO (A VEN S A TRI - APU))'}]"
F1911R,"{'timestamp': 1654638199978110, 'zobrist_hash': '7833189098239985650', 'note': '', 'name': 'F1911R', 'units': {'AUSTRIA': [], 'ENGLAND': ['A NWY', 'F IRI', 'F NTH', 'F ENG'], 'FRANCE': ['A MAR', 'F MAO', 'F POR', 'A GAS'], 'GERMANY': ['F DEN', 'A BER', 'A MUN', 'A RUH', 'A PAR', 'A BRE', 'A HOL'], 'ITALY': ['A VEN'], 'RUSSIA': ['A TRI', 'A SER', 'A RUM', 'A SWE', 'A STP', 'A TYR', 'A GAL', 'A SIL', 'A BOH', 'F BLA', '*A CON'], 'TURKEY': ['A GRE', 'A BUL', 'F ADR', 'F ROM', 'A PIE', 'F ANK', 'F CON']}, 'retreats': {'AUSTRIA': {}, 'ENGLAND': {}, 'FRANCE': {}, 'GERMANY': {}, 'ITALY': {}, 'RUSSIA': {'A CON': ['SMY']}, 'TURKEY': {}}, 'centers': {'AUSTRIA': [], 'ENGLAND': ['EDI', 'LON', 'LVP', 'NWY'], 'FRANCE': ['BRE', 'MAR', 'POR', 'SPA'], 'GERMANY': ['KIE', 'DEN', 'HOL', 'BEL', 'BER', 'MUN', 'PAR'], 'ITALY': ['VEN'], 'RUSSIA': ['MOS', 'SEV', 'STP', 'WAR', 'VIE', 'TRI', 'SER', 'BUD', 'SWE', 'RUM', 'SMY'], 'TURKEY': ['ANK', 'CON', 'BUL', 'GRE', 'TUN', 'NAP', 'ROM']}, 'homes': {'AUSTRIA': ['BUD', 'TRI', 'VIE'], 'ENGLAND': ['EDI', 'LON', 'LVP'], 'FRANCE': ['BRE', 'MAR', 'PAR'], 'GERMANY': ['BER', 'KIE', 'MUN'], 'ITALY': ['NAP', 'ROM', 'VEN'], 'RUSSIA': ['MOS', 'SEV', 'STP', 'WAR'], 'TURKEY': ['ANK', 'CON', 'SMY']}, 'influence': {'AUSTRIA': ['ALB'], 'ENGLAND': ['EDI', 'LVP', 'YOR', 'NWY', 'IRI', 'LON', 'NTH', 'ENG'], 'FRANCE': ['LYO', 'MAR', 'MAO', 'SPA', 'POR', 'GAS'], 'GERMANY': ['BAL', 'SKA', 'DEN', 'KIE', 'BEL', 'BER', 'MUN', 'BUR', 'PIC', 'RUH', 'PAR', 'BRE', 'HOL'], 'ITALY': ['VEN'], 'RUSSIA': ['MOS', 'STP', 'BOT', 'WAR', 'TRI', 'LVN', 'PRU', 'SER', 'BUD', 'FIN', 'RUM', 'UKR', 'SWE', 'VIE', 'TYR', 'GAL', 'SIL', 'ARM', 'BOH', 'SMY', 'SEV', 'BLA'], 'TURKEY': ['APU', 'TUN', 'NAP', 'GRE', 'TYS', 'BUL', 'ADR', 'ROM', 'ION', 'PIE', 'AEG', 'ANK', 'WES', 'CON']}, 'civil_disorder': {'AUSTRIA': 0, 'ENGLAND': 0, 'FRANCE': 0, 'GERMANY': 0, 'ITALY': 0, 'RUSSIA': 0, 'TURKEY': 0}, 'builds': {'AUSTRIA': {'count': 0, 'homes': []}, 'ENGLAND': {'count': 0, 'homes': []}, 'FRANCE': {'count': 0, 'homes': []}, 'GERMANY': {'count': 0, 'homes': []}, 'ITALY': {'count': 0, 'homes': []}, 'RUSSIA': {'count': 0, 'homes': []}, 'TURKEY': {'count': 0, 'homes': []}}, 'game_id': 'Wtvk9s8R5yKQ-Ulr', 'map': 'standard', 'rules': ['POWER_CHOICE']}","{'AUSTRIA': [], 'ENGLAND': [], 'FRANCE': [], 'GERMANY': [], 'ITALY': [], 'RUSSIA': ['A CON R SMY'], 'TURKEY': []}","{'A CON': [], 'A VEN': ['void']}",[]
W1911A,"{'timestamp': 1654638200798199, 'zobrist_hash': '3012429509364027479', 'note': '', 'name': 'W1911A', 'units': {'AUSTRIA': [], 'ENGLAND': ['A NWY', 'F IRI', 'F NTH', 'F ENG'], 'FRANCE': ['A MAR', 'F MAO', 'F POR', 'A GAS'], 'GERMANY': ['F DEN', 'A BER', 'A MUN', 'A RUH', 'A PAR', 'A BRE', 'A HOL'], 'ITALY': ['A VEN'], 'RUSSIA': ['A TRI', 'A SER', 'A RUM', 'A SWE', 'A STP', 'A TYR', 'A GAL', 'A SIL', 'A BOH', 'F BLA', 'A SMY'], 'TURKEY': ['A GRE', 'A BUL', 'F ADR', 'F ROM', 'A PIE', 'F ANK', 'F CON']}, 'retreats': {'AUSTRIA': {}, 'ENGLAND': {}, 'FRANCE': {}, 'GERMANY': {}, 'ITALY': {}, 'RUSSIA': {}, 'TURKEY': {}}, 'centers': {'AUSTRIA': [], 'ENGLAND': ['EDI', 'LON', 'LVP', 'NWY'], 'FRANCE': ['MAR', 'POR', 'SPA'], 'GERMANY': ['KIE', 'DEN', 'HOL', 'BEL', 'BER', 'MUN', 'PAR', 'BRE'], 'ITALY': ['VEN'], 'RUSSIA': ['MOS', 'SEV', 'STP', 'WAR', 'VIE', 'TRI', 'SER', 'BUD', 'SWE', 'RUM', 'SMY'], 'TURKEY': ['ANK', 'CON', 'BUL', 'GRE', 'TUN', 'NAP', 'ROM']}, 'homes': {'AUSTRIA': ['BUD', 'TRI', 'VIE'], 'ENGLAND': ['EDI', 'LON', 'LVP'], 'FRANCE': ['BRE', 'MAR', 'PAR'], 'GERMANY': ['BER', 'KIE', 'MUN'], 'ITALY': ['NAP', 'ROM', 'VEN'], 'RUSSIA': ['MOS', 'SEV', 'STP', 'WAR'], 'TURKEY': ['ANK', 'CON', 'SMY']}, 'influence': {'AUSTRIA': ['ALB'], 'ENGLAND': ['EDI', 'LVP', 'YOR', 'NWY', 'IRI', 'LON', 'NTH', 'ENG'], 'FRANCE': ['LYO', 'MAR', 'MAO', 'SPA', 'POR', 'GAS'], 'GERMANY': ['BAL', 'SKA', 'DEN', 'KIE', 'BEL', 'BER', 'MUN', 'BUR', 'PIC', 'RUH', 'PAR', 'BRE', 'HOL'], 'ITALY': ['VEN'], 'RUSSIA': ['MOS', 'STP', 'BOT', 'WAR', 'TRI', 'LVN', 'PRU', 'SER', 'BUD', 'FIN', 'RUM', 'UKR', 'SWE', 'VIE', 'TYR', 'GAL', 'SIL', 'ARM', 'BOH', 'SEV', 'BLA', 'SMY'], 'TURKEY': ['APU', 'TUN', 'NAP', 'GRE', 'TYS', 'BUL', 'ADR', 'ROM', 'ION', 'PIE', 'AEG', 'ANK', 'WES', 'CON']}, 'civil_disorder': {'AUSTRIA': 0, 'ENGLAND': 0, 'FRANCE': 0, 'GERMANY': 0, 'ITALY': 0, 'RUSSIA': 0, 'TURKEY': 0}, 'builds': {'AUSTRIA': {'count': 0, 'homes': []}, 'ENGLAND': {'count': 0, 'homes': []}, 'FRANCE': {'count': -1, 'homes': []}, 'GERMANY': {'count': 1, 'homes': ['KIE']}, 'ITALY': {'count': 0, 'homes': []}, 'RUSSIA': {'count': 0, 'homes': []}, 'TURKEY': {'count': 0, 'homes': []}}, 'game_id': 'Wtvk9s8R5yKQ-Ulr', 'map': 'standard', 'rules': ['POWER_CHOICE']}","{'AUSTRIA': [], 'ENGLAND': [], 'FRANCE': ['A MAR D'], 'GERMANY': ['A KIE B'], 'ITALY': [], 'RUSSIA': [], 'TURKEY': []}","{'A MAR': [''], 'A KIE': [''], 'A VEN': ['void']}",[]
S1912M,"{'timestamp': 1654638202496550, 'zobrist_hash': '9106071432925057308', 'note': '', 'name': 'S1912M', 'units': {'AUSTRIA': [], 'ENGLAND': ['A NWY', 'F IRI', 'F NTH', 'F ENG'], 'FRANCE': ['F MAO', 'F POR', 'A GAS'], 'GERMANY': ['F DEN', 'A BER', 'A MUN', 'A RUH', 'A PAR', 'A BRE', 'A HOL', 'A KIE'], 'ITALY': ['A VEN'], 'RUSSIA': ['A TRI', 'A SER', 'A RUM', 'A SWE', 'A STP', 'A TYR', 'A GAL', 'A SIL', 'A BOH', 'F BLA', 'A SMY'], 'TURKEY': ['A GRE', 'A BUL', 'F ADR', 'F ROM', 'A PIE', 'F ANK', 'F CON']}, 'retreats': {'AUSTRIA': {}, 'ENGLAND': {}, 'FRANCE': {}, 'GERMANY': {}, 'ITALY': {}, 'RUSSIA': {}, 'TURKEY': {}}, 'centers': {'AUSTRIA': [], 'ENGLAND': ['EDI', 'LON', 'LVP', 'NWY'], 'FRANCE': ['MAR', 'POR', 'SPA'], 'GERMANY': ['KIE', 'DEN', 'HOL', 'BEL', 'BER', 'MUN', 'PAR', 'BRE'], 'ITALY': ['VEN'], 'RUSSIA': ['MOS', 'SEV', 'STP', 'WAR', 'VIE', 'TRI', 'SER', 'BUD', 'SWE', 'RUM', 'SMY'], 'TURKEY': ['ANK', 'CON', 'BUL', 'GRE', 'TUN', 'NAP', 'ROM']}, 'homes': {'AUSTRIA': ['BUD', 'TRI', 'VIE'], 'ENGLAND': ['EDI', 'LON', 'LVP'], 'FRANCE': ['BRE', 'MAR', 'PAR'], 'GERMANY': ['BER', 'KIE', 'MUN'], 'ITALY': ['NAP', 'ROM', 'VEN'], 'RUSSIA': ['MOS', 'SEV', 'STP', 'WAR'], 'TURKEY': ['ANK', 'CON', 'SMY']}, 'influence': {'AUSTRIA': ['ALB'], 'ENGLAND': ['EDI', 'LVP', 'YOR', 'NWY', 'IRI', 'LON', 'NTH', 'ENG'], 'FRANCE': ['LYO', 'MAR', 'MAO', 'SPA', 'POR', 'GAS'], 'GERMANY': ['BAL', 'SKA', 'DEN', 'KIE', 'BEL', 'BER', 'MUN', 'BUR', 'PIC', 'RUH', 'PAR', 'BRE', 'HOL'], 'ITALY': ['VEN'], 'RUSSIA': ['MOS', 'STP', 'BOT', 'WAR', 'TRI', 'LVN', 'PRU', 'SER', 'BUD', 'FIN', 'RUM', 'UKR', 'SWE', 'VIE', 'TYR', 'GAL', 'SIL', 'ARM', 'BOH', 'SEV', 'BLA', 'SMY'], 'TURKEY': ['APU', 'TUN', 'NAP', 'GRE', 'TYS', 'BUL', 'ADR', 'ROM', 'ION', 'PIE', 'AEG', 'ANK', 'WES', 'CON']}, 'civil_disorder': {'AUSTRIA': 0, 'ENGLAND': 0, 'FRANCE': 0, 'GERMANY': 0, 'ITALY': 0, 'RUSSIA': 0, 'TURKEY': 0}, 'builds': {'AUSTRIA': {'count': 0, 'homes': []}, 'ENGLAND': {'count': 0, 'homes': []}, 'FRANCE': {'count': 0, 'homes': []}, 'GERMANY': {'count': 0, 'homes': []}, 'ITALY': {'count': 0, 'homes': []}, 'RUSSIA': {'count': 0, 'homes': []}, 'TURKEY': {'count': 0, 'homes': []}}, 'game_id': 'Wtvk9s8R5yKQ-Ulr', 'map': 'standard', 'rules': ['POWER_CHOICE']}","{'AUSTRIA': [], 'ENGLAND': ['F NTH S A NWY', 'F ENG S F IRI - MAO', 'F IRI - MAO', 'A NWY S F DEN - SWE'], 'FRANCE': ['F MAO - ENG', 'A GAS - MAR', 'F POR S F MAO'], 'GERMANY': ['F DEN - SWE', 'A HOL - BEL', 'A BRE - GAS', 'A RUH - BUR', 'A KIE - RUH', 'A PAR S A BRE - GAS', 'A MUN S A RUH - BUR', 'A BER S A MUN'], 'ITALY': ['A VEN S A TRI - APU'], 'RUSSIA': ['A SWE S A STP - NWY', 'A STP - NWY', 'A BOH - MUN', 'A SIL S A BOH - MUN', 'A TYR - VEN', 'A GAL - RUM', 'A TRI S A TYR - VEN', 'F BLA S A RUM - BUL', 'A RUM - BUL', 'A SER S A RUM - BUL', 'A SMY - CON'], 'TURKEY': ['A PIE - VEN', 'F ROM H', 'F ADR S A PIE - VEN', 'A GRE - SER', 'F ANK S F CON - BLA', 'A BUL S A GRE - SER', 'F CON - BLA']}","{'A NWY': ['cut'], 'F IRI': [], 'F NTH': [], 'F ENG': [], 'F MAO': ['bounce', 'dislodged'], 'F POR': ['void'], 'A GAS': [], 'F DEN': ['bounce'], 'A BER': [], 'A MUN': ['cut'], 'A RUH': [], 'A PAR': [], 'A BRE': [], 'A HOL': [], 'A KIE': [], 'A VEN': ['void'], 'A TRI': [], 'A SER': ['cut'], 'A RUM': ['bounce'], 'A SWE': ['cut'], 'A STP': ['bounce'], 'A TYR': ['bounce'], 'A GAL': ['bounce'], 'A SIL': [], 'A BOH': ['bounce'], 'F BLA': ['cut', 'dislodged'], 'A SMY': [], 'A GRE': ['bounce'], 'A BUL': ['cut'], 'F ADR': [], 'F ROM': [], 'A PIE': ['bounce'], 'F ANK': [], 'F CON': []}","[{'sender': 'GERMANY', 'recipient': 'ENGLAND', 'time_sent': 1654638201106998, 'phase': 'S1912M', 'message': 'ORR (XDO (F ENG S F DEN - NTH)) (XDO (F IRI S A GAS - WAL))'}, {'sender': 'GERMANY', 'recipient': 'FRANCE', 'time_sent': 1654638201112764, 'phase': 'S1912M', 'message': 'ORR (XDO (A GAS - BRE)) (XDO (F MAO - POR)) (XDO (F POR S A GAS - SPA))'}, {'sender': 'GERMANY', 'recipient': 'ITALY', 'time_sent': 1654638201116559, 'phase': 'S1912M', 'message': 'XDO (A VEN S A TRI - APU)'}, {'sender': 'GERMANY', 'recipient': 'RUSSIA', 'time_sent': 1654638201127115, 'phase': 'S1912M', 'message': 'ORR (XDO (A BOH H)) (XDO (A GAL S A SIL)) (XDO (A RUM - BUD)) (XDO (A SER S A VEN - ALB)) (XDO (A SIL H)) (XDO (A SMY - CON)) (XDO (A STP S A NWY - FIN)) (XDO (A SWE S A STP - FIN)) (XDO (A TRI S A VEN)) (XDO (A TYR S A RUH - MUN))'}, {'sender': 'GERMANY', 'recipient': 'TURKEY', 'time_sent': 1654638201134647, 'phase': 'S1912M', 'message': 'ORR (XDO (F ADR S A TRI - VEN)) (XDO (F ANK - BLA)) (XDO (A BUL S F ANK - CON)) (XDO (F CON S A GRE - BUL)) (XDO (A GRE S F ADR - ALB)) (XDO (A PIE S F ROM - TUS)) (XDO (F ROM S A VEN - TUS))'}, {'sender': 'ITALY', 'recipient': 'GERMANY', 'time_sent': 1654638201134834, 'phase': 'S1912M', 'message': 'YES (XDO (A VEN S A TRI - APU))'}]"
S1912R,"{'timestamp': 1654638203316243, 'zobrist_hash': '522418045360169640', 'note': '', 'name': 'S1912R', 'units': {'AUSTRIA': [], 'ENGLAND': ['A NWY', 'F NTH', 'F ENG', 'F MAO'], 'FRANCE': ['F POR', 'A MAR', '*F MAO'], 'GERMANY': ['F DEN', 'A BER', 'A MUN', 'A PAR', 'A BUR', 'A GAS', 'A BEL', 'A RUH'], 'ITALY': ['A VEN'], 'RUSSIA': ['A TRI', 'A SER', 'A RUM', 'A SWE', 'A STP', 'A TYR', 'A GAL', 'A SIL', 'A BOH', 'A CON', '*F BLA'], 'TURKEY': ['A GRE', 'A BUL', 'F ADR', 'F ROM', 'A PIE', 'F ANK', 'F BLA']}, 'retreats': {'AUSTRIA': {}, 'ENGLAND': {}, 'FRANCE': {'F MAO': ['BRE', 'NAF', 'NAO', 'SPA/NC', 'SPA/SC', 'WES']}, 'GERMANY': {}, 'ITALY': {}, 'RUSSIA': {'F BLA': ['ARM', 'SEV']}, 'TURKEY': {}}, 'centers': {'AUSTRIA': [], 'ENGLAND': ['EDI', 'LON', 'LVP', 'NWY'], 'FRANCE': ['MAR', 'POR', 'SPA'], 'GERMANY': ['KIE', 'DEN', 'HOL', 'BEL', 'BER', 'MUN', 'PAR', 'BRE'], 'ITALY': ['VEN'], 'RUSSIA': ['MOS', 'SEV', 'STP', 'WAR', 'VIE', 'TRI', 'SER', 'BUD', 'SWE', 'RUM', 'SMY'], 'TURKEY': ['ANK', 'CON', 'BUL', 'GRE', 'TUN', 'NAP', 'ROM']}, 'homes': {'AUSTRIA': ['BUD', 'TRI', 'VIE'], 'ENGLAND': ['EDI', 'LON', 'LVP'], 'FRANCE': ['BRE', 'MAR', 'PAR'], 'GERMANY': ['BER', 'KIE', 'MUN'], 'ITALY': ['NAP', 'ROM', 'VEN'], 'RUSSIA': ['MOS', 'SEV', 'STP', 'WAR'], 'TURKEY': ['ANK', 'CON', 'SMY']}, 'influence': {'AUSTRIA': ['ALB'], 'ENGLAND': ['EDI', 'LVP', 'YOR', 'NWY', 'IRI', 'LON', 'NTH', 'ENG', 'MAO'], 'FRANCE': ['LYO', 'SPA', 'POR', 'MAR'], 'GERMANY': ['BAL', 'SKA', 'DEN', 'KIE', 'BER', 'MUN', 'PIC', 'PAR', 'BRE', 'HOL', 'BUR', 'GAS', 'BEL', 'RUH'], 'ITALY': ['VEN'], 'RUSSIA': ['MOS', 'STP', 'BOT', 'WAR', 'TRI', 'LVN', 'PRU', 'SER', 'BUD', 'FIN', 'RUM', 'UKR', 'SWE', 'VIE', 'TYR', 'GAL', 'SIL', 'ARM', 'BOH', 'SEV', 'SMY', 'CON'], 'TURKEY': ['APU', 'TUN', 'NAP', 'GRE', 'TYS', 'BUL', 'ADR', 'ROM', 'ION', 'PIE', 'AEG', 'ANK', 'WES', 'BLA']}, 'civil_disorder': {'AUSTRIA': 0, 'ENGLAND': 0, 'FRANCE': 0, 'GERMANY': 0, 'ITALY': 0, 'RUSSIA': 0, 'TURKEY': 0}, 'builds': {'AUSTRIA': {'count': 0, 'homes': []}, 'ENGLAND': {'count': 0, 'homes': []}, 'FRANCE': {'count': 0, 'homes': []}, 'GERMANY': {'count': 0, 'homes': []}, 'ITALY': {'count': 0, 'homes': []}, 'RUSSIA': {'count': 0, 'homes': []}, 'TURKEY': {'count': 0, 'homes': []}}, 'game_id': 'Wtvk9s8R5yKQ-Ulr', 'map': 'standard', 'rules': ['POWER_CHOICE']}","{'AUSTRIA': [], 'ENGLAND': [], 'FRANCE': ['F MAO R NAO'], 'GERMANY': [], 'ITALY': [], 'RUSSIA': ['F BLA R SEV'], 'TURKEY': []}","{'F MAO': [], 'F BLA': [], 'A VEN': ['void']}",[]
F1912M,"{'timestamp': 1654638205013611, 'zobrist_hash': '5471695790066480506', 'note': '', 'name': 'F1912M', 'units': {'AUSTRIA': [], 'ENGLAND': ['A NWY', 'F NTH', 'F ENG', 'F MAO'], 'FRANCE': ['F POR', 'A MAR', 'F NAO'], 'GERMANY': ['F DEN', 'A BER', 'A MUN', 'A PAR', 'A BUR', 'A GAS', 'A BEL', 'A RUH'], 'ITALY': ['A VEN'], 'RUSSIA': ['A TRI', 'A SER', 'A RUM', 'A SWE', 'A STP', 'A TYR', 'A GAL', 'A SIL', 'A BOH', 'A CON', 'F SEV'], 'TURKEY': ['A GRE', 'A BUL', 'F ADR', 'F ROM', 'A PIE', 'F ANK', 'F BLA']}, 'retreats': {'AUSTRIA': {}, 'ENGLAND': {}, 'FRANCE': {}, 'GERMANY': {}, 'ITALY': {}, 'RUSSIA': {}, 'TURKEY': {}}, 'centers': {'AUSTRIA': [], 'ENGLAND': ['EDI', 'LON', 'LVP', 'NWY'], 'FRANCE': ['MAR', 'POR', 'SPA'], 'GERMANY': ['KIE', 'DEN', 'HOL', 'BEL', 'BER', 'MUN', 'PAR', 'BRE'], 'ITALY': ['VEN'], 'RUSSIA': ['MOS', 'SEV', 'STP', 'WAR', 'VIE', 'TRI', 'SER', 'BUD', 'SWE', 'RUM', 'SMY'], 'TURKEY': ['ANK', 'CON', 'BUL', 'GRE', 'TUN', 'NAP', 'ROM']}, 'homes': {'AUSTRIA': ['BUD', 'TRI', 'VIE'], 'ENGLAND': ['EDI', 'LON', 'LVP'], 'FRANCE': ['BRE', 'MAR', 'PAR'], 'GERMANY': ['BER', 'KIE', 'MUN'], 'ITALY': ['NAP', 'ROM', 'VEN'], 'RUSSIA': ['MOS', 'SEV', 'STP', 'WAR'], 'TURKEY': ['ANK', 'CON', 'SMY']}, 'influence': {'AUSTRIA': ['ALB'], 'ENGLAND': ['EDI', 'LVP', 'YOR', 'NWY', 'IRI', 'LON', 'NTH', 'ENG', 'MAO'], 'FRANCE': ['LYO', 'SPA', 'POR', 'MAR', 'NAO'], 'GERMANY': ['BAL', 'SKA', 'DEN', 'KIE', 'BER', 'MUN', 'PIC', 'PAR', 'BRE', 'HOL', 'BUR', 'GAS', 'BEL', 'RUH'], 'ITALY': ['VEN'], 'RUSSIA': ['MOS', 'STP', 'BOT', 'WAR', 'TRI', 'LVN', 'PRU', 'SER', 'BUD', 'FIN', 'RUM', 'UKR', 'SWE', 'VIE', 'TYR', 'GAL', 'SIL', 'ARM', 'BOH', 'SMY', 'CON', 'SEV'], 'TURKEY': ['APU', 'TUN', 'NAP', 'GRE', 'TYS', 'BUL', 'ADR', 'ROM', 'ION', 'PIE', 'AEG', 'ANK', 'WES', 'BLA']}, 'civil_disorder': {'AUSTRIA': 0, 'ENGLAND': 0, 'FRANCE': 0, 'GERMANY': 0, 'ITALY': 0, 'RUSSIA': 0, 'TURKEY': 0}, 'builds': {'AUSTRIA': {'count': 0, 'homes': []}, 'ENGLAND': {'count': 0, 'homes': []}, 'FRANCE': {'count': 0, 'homes': []}, 'GERMANY': {'count': 0, 'homes': []}, 'ITALY': {'count': 0, 'homes': []}, 'RUSSIA': {'count': 0, 'homes': []}, 'TURKEY': {'count': 0, 'homes': []}}, 'game_id': 'Wtvk9s8R5yKQ-Ulr', 'map': 'standard', 'rules': ['POWER_CHOICE']}","{'AUSTRIA': [], 'ENGLAND': ['F NTH S A NWY', 'F ENG - BRE', 'A NWY S F DEN - SWE', 'F MAO S F ENG - BRE'], 'FRANCE': ['F NAO - LVP', 'F POR S A MAR - SPA', 'A MAR - SPA'], 'GERMANY': ['A BEL S A RUH', 'F DEN - SWE', 'A BUR S A GAS - MAR', 'A RUH S A MUN', 'A GAS - MAR', 'A PAR - BRE', 'A MUN S A BER', 'A BER S A MUN'], 'ITALY': ['A VEN S A TRI - APU'], 'RUSSIA': ['A SWE S A STP - NWY', 'A STP - NWY', 'A BOH - MUN', 'A SIL S A BOH - MUN', 'A TYR - VEN', 'F SEV - BLA', 'A GAL - RUM', 'A TRI S A TYR - VEN', 'A RUM - BUL', 'A SER S A RUM - BUL', 'A CON S A RUM - BUL'], 'TURKEY': ['A PIE - VEN', 'F ROM H', 'F BLA - CON', 'F ADR S A PIE - VEN', 'A GRE - SER', 'F ANK S F BLA - CON', 'A BUL S F BLA - CON']}","{'A NWY': ['cut'], 'F NTH': [], 'F ENG': [], 'F MAO': [], 'F POR': [], 'A MAR': [], 'F NAO': [], 'F DEN': ['bounce'], 'A BER': [], 'A MUN': ['cut'], 'A PAR': ['bounce'], 'A BUR': [], 'A GAS': [], 'A BEL': [], 'A RUH': [], 'A VEN': ['void'], 'A TRI': [], 'A SER': ['cut'], 'A RUM': ['bounce'], 'A SWE': ['cut'], 'A STP': ['bounce'], 'A TYR': ['bounce'], 'A GAL': ['bounce'], 'A SIL': [], 'A BOH': ['bounce'], 'A CON': ['cut', 'dislodged'], 'F SEV': [], 'A GRE': ['bounce'], 'A BUL': ['cut'], 'F ADR': [], 'F ROM': [], 'A PIE': ['bounce'], 'F ANK': [], 'F BLA': []}","[{'sender': 'GERMANY', 'recipient': 'ENGLAND', 'time_sent': 1654638203621703, 'phase': 'F1912M', 'message': 'ORR (XDO (F ENG S F DEN - NTH)) (XDO (F MAO - POR)) (XDO (F NTH S A GAS - LON)) (XDO (A NWY - CLY VIA))'}, {'sender': 'GERMANY', 'recipient': 'FRANCE', 'time_sent': 1654638203626223, 'phase': 'F1912M', 'message': 'ORR (XDO (A MAR S F POR - SPA/NC)) (XDO (F NAO S F ENG - MAO)) (XDO (F POR S A NWY - SPA))'}, {'sender': 'GERMANY', 'recipient': 'ITALY', 'time_sent': 1654638203630222, 'phase': 'F1912M', 'message': 'XDO (A VEN S A TRI - APU)'}, {'sender': 'GERMANY', 'recipient': 'RUSSIA', 'time_sent': 1654638203638602, 'phase': 'F1912M', 'message': 'ORR (XDO (A BOH H)) (XDO (A CON S F BLA - BUL)) (XDO (A GAL S A SIL)) (XDO (A RUM - BUD)) (XDO (A SER S A VEN - ALB)) (XDO (F SEV S A BUL - ARM)) (XDO (A SIL H)) (XDO (A STP - NWY)) (XDO (A SWE S A STP - FIN)) (XDO (A TRI S A VEN)) (XDO (A TYR S A RUH - MUN))'}, {'sender': 'GERMANY', 'recipient': 'TURKEY', 'time_sent': 1654638203648481, 'phase': 'F1912M', 'message': 'ORR (XDO (F ADR S A VEN)) (XDO (F BLA S A BUL - CON)) (XDO (A BUL S F ANK - CON)) (XDO (A GRE S A BUL - SER)) (XDO (A PIE - TYR)) (XDO (F ROM S A VEN - TUS))'}, {'sender': 'ITALY', 'recipient': 'GERMANY', 'time_sent': 1654638203648651, 'phase': 'F1912M', 'message': 'YES (XDO (A VEN S A TRI - APU))'}]"
F1912R,"{'timestamp': 1654638205570023, 'zobrist_hash': '3082520611148707267', 'note': '', 'name': 'F1912R', 'units': {'AUSTRIA': [], 'ENGLAND': ['A NWY', 'F NTH', 'F MAO', 'F BRE'], 'FRANCE': ['F POR', 'A SPA', 'F LVP'], 'GERMANY': ['F DEN', 'A BER', 'A MUN', 'A PAR', 'A BUR', 'A BEL', 'A RUH', 'A MAR'], 'ITALY': ['A VEN'], 'RUSSIA': ['A TRI', 'A SER', 'A RUM', 'A SWE', 'A STP', 'A TYR', 'A GAL', 'A SIL', 'A BOH', 'F BLA', '*A CON'], 'TURKEY': ['A GRE', 'A BUL', 'F ADR', 'F ROM', 'A PIE', 'F ANK', 'F CON']}, 'retreats': {'AUSTRIA': {}, 'ENGLAND': {}, 'FRANCE': {}, 'GERMANY': {}, 'ITALY': {}, 'RUSSIA': {'A CON': ['SMY']}, 'TURKEY': {}}, 'centers': {'AUSTRIA': [], 'ENGLAND': ['EDI', 'LON', 'LVP', 'NWY'], 'FRANCE': ['MAR', 'POR', 'SPA'], 'GERMANY': ['KIE', 'DEN', 'HOL', 'BEL', 'BER', 'MUN', 'PAR', 'BRE'], 'ITALY': ['VEN'], 'RUSSIA': ['MOS', 'SEV', 'STP', 'WAR', 'VIE', 'TRI', 'SER', 'BUD', 'SWE', 'RUM', 'SMY'], 'TURKEY': ['ANK', 'CON', 'BUL', 'GRE', 'TUN', 'NAP', 'ROM']}, 'homes': {'AUSTRIA': ['BUD', 'TRI', 'VIE'], 'ENGLAND': ['EDI', 'LON', 'LVP'], 'FRANCE': ['BRE', 'MAR', 'PAR'], 'GERMANY': ['BER', 'KIE', 'MUN'], 'ITALY': ['NAP', 'ROM', 'VEN'], 'RUSSIA': ['MOS', 'SEV', 'STP', 'WAR'], 'TURKEY': ['ANK', 'CON', 'SMY']}, 'influence': {'AUSTRIA': ['ALB'], 'ENGLAND': ['EDI', 'YOR', 'NWY', 'IRI', 'LON', 'NTH', 'ENG', 'MAO', 'BRE'], 'FRANCE': ['LYO', 'POR', 'NAO', 'SPA', 'LVP'], 'GERMANY': ['BAL', 'SKA', 'DEN', 'KIE', 'BER', 'MUN', 'PIC', 'PAR', 'HOL', 'BUR', 'GAS', 'BEL', 'RUH', 'MAR'], 'ITALY': ['VEN'], 'RUSSIA': ['MOS', 'STP', 'BOT', 'WAR', 'TRI', 'LVN', 'PRU', 'SER', 'BUD', 'FIN', 'RUM', 'UKR', 'SWE', 'VIE', 'TYR', 'GAL', 'SIL', 'ARM', 'BOH', 'SMY', 'SEV', 'BLA'], 'TURKEY': ['APU', 'TUN', 'NAP', 'GRE', 'TYS', 'BUL', 'ADR', 'ROM', 'ION', 'PIE', 'AEG', 'ANK', 'WES', 'CON']}, 'civil_disorder': {'AUSTRIA': 0, 'ENGLAND': 0, 'FRANCE': 0, 'GERMANY': 0, 'ITALY': 0, 'RUSSIA': 0, 'TURKEY': 0}, 'builds': {'AUSTRIA': {'count': 0, 'homes': []}, 'ENGLAND': {'count': 0, 'homes': []}, 'FRANCE': {'count': 0, 'homes': []}, 'GERMANY': {'count': 0, 'homes': []}, 'ITALY': {'count': 0, 'homes': []}, 'RUSSIA': {'count': 0, 'homes': []}, 'TURKEY': {'count': 0, 'homes': []}}, 'game_id': 'Wtvk9s8R5yKQ-Ulr', 'map': 'standard', 'rules': ['POWER_CHOICE']}","{'AUSTRIA': [], 'ENGLAND': [], 'FRANCE': [], 'GERMANY': [], 'ITALY': [], 'RUSSIA': ['A CON R SMY'], 'TURKEY': []}","{'A CON': [], 'A VEN': ['void']}",[]
S1913M,"{'timestamp': 1654638207256060, 'zobrist_hash': '3343629976231453412', 'note': '', 'name': 'S1913M', 'units': {'AUSTRIA': [], 'ENGLAND': ['A NWY', 'F NTH', 'F MAO', 'F BRE'], 'FRANCE': ['F POR', 'A SPA', 'F LVP'], 'GERMANY': ['F DEN', 'A BER', 'A MUN', 'A PAR', 'A BUR', 'A BEL', 'A RUH', 'A MAR'], 'ITALY': ['A VEN'], 'RUSSIA': ['A TRI', 'A SER', 'A RUM', 'A SWE', 'A STP', 'A TYR', 'A GAL', 'A SIL', 'A BOH', 'F BLA', 'A SMY'], 'TURKEY': ['A GRE', 'A BUL', 'F ADR', 'F ROM', 'A PIE', 'F ANK', 'F CON']}, 'retreats': {'AUSTRIA': {}, 'ENGLAND': {}, 'FRANCE': {}, 'GERMANY': {}, 'ITALY': {}, 'RUSSIA': {}, 'TURKEY': {}}, 'centers': {'AUSTRIA': [], 'ENGLAND': ['EDI', 'LON', 'NWY', 'BRE'], 'FRANCE': ['POR', 'SPA', 'LVP'], 'GERMANY': ['KIE', 'DEN', 'HOL', 'BEL', 'BER', 'MUN', 'PAR', 'MAR'], 'ITALY': ['VEN'], 'RUSSIA': ['MOS', 'SEV', 'STP', 'WAR', 'VIE', 'TRI', 'SER', 'BUD', 'SWE', 'RUM', 'SMY'], 'TURKEY': ['ANK', 'CON', 'BUL', 'GRE', 'TUN', 'NAP', 'ROM']}, 'homes': {'AUSTRIA': ['BUD', 'TRI', 'VIE'], 'ENGLAND': ['EDI', 'LON', 'LVP'], 'FRANCE': ['BRE', 'MAR', 'PAR'], 'GERMANY': ['BER', 'KIE', 'MUN'], 'ITALY': ['NAP', 'ROM', 'VEN'], 'RUSSIA': ['MOS', 'SEV', 'STP', 'WAR'], 'TURKEY': ['ANK', 'CON', 'SMY']}, 'influence': {'AUSTRIA': ['ALB'], 'ENGLAND': ['EDI', 'YOR', 'NWY', 'IRI', 'LON', 'NTH', 'ENG', 'MAO', 'BRE'], 'FRANCE': ['LYO', 'POR', 'NAO', 'SPA', 'LVP'], 'GERMANY': ['BAL', 'SKA', 'DEN', 'KIE', 'BER', 'MUN', 'PIC', 'PAR', 'HOL', 'BUR', 'GAS', 'BEL', 'RUH', 'MAR'], 'ITALY': ['VEN'], 'RUSSIA': ['MOS', 'STP', 'BOT', 'WAR', 'TRI', 'LVN', 'PRU', 'SER', 'BUD', 'FIN', 'RUM', 'UKR', 'SWE', 'VIE', 'TYR', 'GAL', 'SIL', 'ARM', 'BOH', 'SEV', 'BLA', 'SMY'], 'TURKEY': ['APU', 'TUN', 'NAP', 'GRE', 'TYS', 'BUL', 'ADR', 'ROM', 'ION', 'PIE', 'AEG', 'ANK', 'WES', 'CON']}, 'civil_disorder': {'AUSTRIA': 0, 'ENGLAND': 0, 'FRANCE': 0, 'GERMANY': 0, 'ITALY': 0, 'RUSSIA': 0, 'TURKEY': 0}, 'builds': {'AUSTRIA': {'count': 0, 'homes': []}, 'ENGLAND': {'count': 0, 'homes': []}, 'FRANCE': {'count': 0, 'homes': []}, 'GERMANY': {'count': 0, 'homes': []}, 'ITALY': {'count': 0, 'homes': []}, 'RUSSIA': {'count': 0, 'homes': []}, 'TURKEY': {'count': 0, 'homes': []}}, 'game_id': 'Wtvk9s8R5yKQ-Ulr', 'map': 'standard', 'rules': ['POWER_CHOICE']}","{'AUSTRIA': [], 'ENGLAND': ['F NTH S A NWY', 'A NWY S F DEN - SWE', 'F BRE - MAO', 'F MAO - IRI'], 'FRANCE': ['F LVP - CLY', 'F POR S A SPA', 'A SPA S A PIE - MAR'], 'GERMANY': ['A BEL - HOL', 'F DEN - SWE', 'A BUR S A MAR', 'A RUH - KIE', 'A PAR - GAS', 'A MAR S A PAR - GAS', 'A MUN S A BER', 'A BER S A MUN'], 'ITALY': ['A VEN S A MUN - TYR'], 'RUSSIA': ['A SWE S A STP - NWY', 'A STP - NWY', 'A BOH - MUN', 'A SIL S A BOH - MUN', 'A TYR - VEN', 'A GAL - RUM', 'A TRI S A TYR - VEN', 'F BLA S A RUM - BUL', 'A RUM - BUL', 'A SER S A RUM - BUL', 'A SMY - CON'], 'TURKEY': ['A PIE - VEN', 'F ROM H', 'F ADR S A PIE - VEN', 'A GRE - SER', 'F ANK S F CON - BLA', 'A BUL S A GRE - SER', 'F CON - BLA']}","{'A NWY': ['cut'], 'F NTH': [], 'F MAO': [], 'F BRE': [], 'F POR': [], 'A SPA': ['void'], 'F LVP': [], 'F DEN': ['bounce'], 'A BER': [], 'A MUN': ['cut'], 'A PAR': [], 'A BUR': [], 'A BEL': [], 'A RUH': [], 'A MAR': [], 'A VEN': ['void'], 'A TRI': [], 'A SER': ['cut'], 'A RUM': ['bounce'], 'A SWE': ['cut'], 'A STP': ['bounce'], 'A TYR': ['bounce'], 'A GAL': ['bounce'], 'A SIL': [], 'A BOH': ['bounce'], 'F BLA': ['cut', 'dislodged'], 'A SMY': [], 'A GRE': ['bounce'], 'A BUL': ['cut'], 'F ADR': [], 'F ROM': [], 'A PIE': ['bounce'], 'F ANK': [], 'F CON': []}","[{'sender': 'GERMANY', 'recipient': 'ENGLAND', 'time_sent': 1654638205873304, 'phase': 'S1913M', 'message': 'ORR (XDO (F BRE - MAO)) (XDO (F MAO - GAS)) (XDO (F NTH S A BEL - HOL)) (XDO (A NWY S A STP - FIN))'}, {'sender': 'GERMANY', 'recipient': 'FRANCE', 'time_sent': 1654638205877322, 'phase': 'S1913M', 'message': 'ORR (XDO (F LVP - CLY)) (XDO (F POR S F MAO - SPA/SC)) (XDO (A SPA H))'}, {'sender': 'GERMANY', 'recipient': 'ITALY', 'time_sent': 1654638205881154, 'phase': 'S1913M', 'message': 'XDO (A VEN S A MUN - TYR)'}, {'sender': 'GERMANY', 'recipient': 'RUSSIA', 'time_sent': 1654638205892480, 'phase': 'S1913M', 'message': 'ORR (XDO (F BLA S A SMY - ARM)) (XDO (A BOH - GAL)) (XDO (A GAL S A SIL)) (XDO (A RUM S A SER - BUD)) (XDO (A SER S F ADR - TRI)) (XDO (A SIL - WAR)) (XDO (A SMY - ARM)) (XDO (A STP - NWY)) (XDO (A SWE S A BEL - DEN)) (XDO (A TYR S A RUH - MUN))'}, {'sender': 'GERMANY', 'recipient': 'TURKEY', 'time_sent': 1654638205898517, 'phase': 'S1913M', 'message': 'ORR (XDO (F ANK - BLA)) (XDO (A BUL S F ANK - CON)) (XDO (F CON - SMY)) (XDO (A GRE S F ADR - ALB)) (XDO (A PIE S A VEN - TYR)) (XDO (F ROM H))'}, {'sender': 'ITALY', 'recipient': 'GERMANY', 'time_sent': 1654638205898677, 'phase': 'S1913M', 'message': 'YES (XDO (A VEN S A MUN - TYR))'}]"
S1913R,"{'timestamp': 1654638207812264, 'zobrist_hash': '1854119748651413329', 'note': '', 'name': 'S1913R', 'units': {'AUSTRIA': [], 'ENGLAND': ['A NWY', 'F NTH', 'F IRI', 'F MAO'], 'FRANCE': ['F POR', 'A SPA', 'F CLY'], 'GERMANY': ['F DEN', 'A BER', 'A MUN', 'A BUR', 'A MAR', 'A GAS', 'A HOL', 'A KIE'], 'ITALY': ['A VEN'], 'RUSSIA': ['A TRI', 'A SER', 'A RUM', 'A SWE', 'A STP', 'A TYR', 'A GAL', 'A SIL', 'A BOH', 'A CON', '*F BLA'], 'TURKEY': ['A GRE', 'A BUL', 'F ADR', 'F ROM', 'A PIE', 'F ANK', 'F BLA']}, 'retreats': {'AUSTRIA': {}, 'ENGLAND': {}, 'FRANCE': {}, 'GERMANY': {}, 'ITALY': {}, 'RUSSIA': {'F BLA': ['ARM', 'SEV']}, 'TURKEY': {}}, 'centers': {'AUSTRIA': [], 'ENGLAND': ['EDI', 'LON', 'NWY', 'BRE'], 'FRANCE': ['POR', 'SPA', 'LVP'], 'GERMANY': ['KIE', 'DEN', 'HOL', 'BEL', 'BER', 'MUN', 'PAR', 'MAR'], 'ITALY': ['VEN'], 'RUSSIA': ['MOS', 'SEV', 'STP', 'WAR', 'VIE', 'TRI', 'SER', 'BUD', 'SWE', 'RUM', 'SMY'], 'TURKEY': ['ANK', 'CON', 'BUL', 'GRE', 'TUN', 'NAP', 'ROM']}, 'homes': {'AUSTRIA': ['BUD', 'TRI', 'VIE'], 'ENGLAND': ['EDI', 'LON', 'LVP'], 'FRANCE': ['BRE', 'MAR', 'PAR'], 'GERMANY': ['BER', 'KIE', 'MUN'], 'ITALY': ['NAP', 'ROM', 'VEN'], 'RUSSIA': ['MOS', 'SEV', 'STP', 'WAR'], 'TURKEY': ['ANK', 'CON', 'SMY']}, 'influence': {'AUSTRIA': ['ALB'], 'ENGLAND': ['EDI', 'YOR', 'NWY', 'LON', 'NTH', 'ENG', 'BRE', 'IRI', 'MAO'], 'FRANCE': ['LYO', 'POR', 'NAO', 'SPA', 'LVP', 'CLY'], 'GERMANY': ['BAL', 'SKA', 'DEN', 'BER', 'MUN', 'PIC', 'PAR', 'BUR', 'BEL', 'RUH', 'MAR', 'GAS', 'HOL', 'KIE'], 'ITALY': ['VEN'], 'RUSSIA': ['MOS', 'STP', 'BOT', 'WAR', 'TRI', 'LVN', 'PRU', 'SER', 'BUD', 'FIN', 'RUM', 'UKR', 'SWE', 'VIE', 'TYR', 'GAL', 'SIL', 'ARM', 'BOH', 'SEV', 'SMY', 'CON'], 'TURKEY': ['APU', 'TUN', 'NAP', 'GRE', 'TYS', 'BUL', 'ADR', 'ROM', 'ION', 'PIE', 'AEG', 'ANK', 'WES', 'BLA']}, 'civil_disorder': {'AUSTRIA': 0, 'ENGLAND': 0, 'FRANCE': 0, 'GERMANY': 0, 'ITALY': 0, 'RUSSIA': 0, 'TURKEY': 0}, 'builds': {'AUSTRIA': {'count': 0, 'homes': []}, 'ENGLAND': {'count': 0, 'homes': []}, 'FRANCE': {'count': 0, 'homes': []}, 'GERMANY': {'count': 0, 'homes': []}, 'ITALY': {'count': 0, 'homes': []}, 'RUSSIA': {'count': 0, 'homes': []}, 'TURKEY': {'count': 0, 'homes': []}}, 'game_id': 'Wtvk9s8R5yKQ-Ulr', 'map': 'standard', 'rules': ['POWER_CHOICE']}","{'AUSTRIA': [], 'ENGLAND': [], 'FRANCE': [], 'GERMANY': [], 'ITALY': [], 'RUSSIA': ['F BLA R SEV'], 'TURKEY': []}","{'F BLA': [], 'A VEN': ['void']}",[]
F1913M,"{'timestamp': 1654638209763321, 'zobrist_hash': '8794762047760907962', 'note': '', 'name': 'F1913M', 'units': {'AUSTRIA': [], 'ENGLAND': ['A NWY', 'F NTH', 'F IRI', 'F MAO'], 'FRANCE': ['F POR', 'A SPA', 'F CLY'], 'GERMANY': ['F DEN', 'A BER', 'A MUN', 'A BUR', 'A MAR', 'A GAS', 'A HOL', 'A KIE'], 'ITALY': ['A VEN'], 'RUSSIA': ['A TRI', 'A SER', 'A RUM', 'A SWE', 'A STP', 'A TYR', 'A GAL', 'A SIL', 'A BOH', 'A CON', 'F SEV'], 'TURKEY': ['A GRE', 'A BUL', 'F ADR', 'F ROM', 'A PIE', 'F ANK', 'F BLA']}, 'retreats': {'AUSTRIA': {}, 'ENGLAND': {}, 'FRANCE': {}, 'GERMANY': {}, 'ITALY': {}, 'RUSSIA': {}, 'TURKEY': {}}, 'centers': {'AUSTRIA': [], 'ENGLAND': ['EDI', 'LON', 'NWY', 'BRE'], 'FRANCE': ['POR', 'SPA', 'LVP'], 'GERMANY': ['KIE', 'DEN', 'HOL', 'BEL', 'BER', 'MUN', 'PAR', 'MAR'], 'ITALY': ['VEN'], 'RUSSIA': ['MOS', 'SEV', 'STP', 'WAR', 'VIE', 'TRI', 'SER', 'BUD', 'SWE', 'RUM', 'SMY'], 'TURKEY': ['ANK', 'CON', 'BUL', 'GRE', 'TUN', 'NAP', 'ROM']}, 'homes': {'AUSTRIA': ['BUD', 'TRI', 'VIE'], 'ENGLAND': ['EDI', 'LON', 'LVP'], 'FRANCE': ['BRE', 'MAR', 'PAR'], 'GERMANY': ['BER', 'KIE', 'MUN'], 'ITALY': ['NAP', 'ROM', 'VEN'], 'RUSSIA': ['MOS', 'SEV', 'STP', 'WAR'], 'TURKEY': ['ANK', 'CON', 'SMY']}, 'influence': {'AUSTRIA': ['ALB'], 'ENGLAND': ['EDI', 'YOR', 'NWY', 'LON', 'NTH', 'ENG', 'BRE', 'IRI', 'MAO'], 'FRANCE': ['LYO', 'POR', 'NAO', 'SPA', 'LVP', 'CLY'], 'GERMANY': ['BAL', 'SKA', 'DEN', 'BER', 'MUN', 'PIC', 'PAR', 'BUR', 'BEL', 'RUH', 'MAR', 'GAS', 'HOL', 'KIE'], 'ITALY': ['VEN'], 'RUSSIA': ['MOS', 'STP', 'BOT', 'WAR', 'TRI', 'LVN', 'PRU', 'SER', 'BUD', 'FIN', 'RUM', 'UKR', 'SWE', 'VIE', 'TYR', 'GAL', 'SIL', 'ARM', 'BOH', 'SMY', 'CON', 'SEV'], 'TURKEY': ['APU', 'TUN', 'NAP', 'GRE', 'TYS', 'BUL', 'ADR', 'ROM', 'ION', 'PIE', 'AEG', 'ANK', 'WES', 'BLA']}, 'civil_disorder': {'AUSTRIA': 0, 'ENGLAND': 0, 'FRANCE': 0, 'GERMANY': 0, 'ITALY': 0, 'RUSSIA': 0, 'TURKEY': 0}, 'builds': {'AUSTRIA': {'count': 0, 'homes': []}, 'ENGLAND': {'count': 0, 'homes': []}, 'FRANCE': {'count': 0, 'homes': []}, 'GERMANY': {'count': 0, 'homes': []}, 'ITALY': {'count': 0, 'homes': []}, 'RUSSIA': {'count': 0, 'homes': []}, 'TURKEY': {'count': 0, 'homes': []}}, 'game_id': 'Wtvk9s8R5yKQ-Ulr', 'map': 'standard', 'rules': ['POWER_CHOICE']}","{'AUSTRIA': [], 'ENGLAND': ['F NTH - EDI', 'F IRI - LVP', 'A NWY H', 'F MAO - BRE'], 'FRANCE': ['F CLY - LVP', 'F POR S A SPA', 'A SPA S A PIE - MAR'], 'GERMANY': ['F DEN - SWE', 'A HOL - BEL', 'A BUR S A MUN', 'A KIE - DEN', 'A GAS - SPA', 'A MAR S A GAS - SPA', 'A MUN S A BER', 'A BER S A MUN'], 'ITALY': ['A VEN S A TRI'], 'RUSSIA': ['A SWE S A STP - NWY', 'A STP - NWY', 'A BOH - MUN', 'A SIL S A BOH - MUN', 'A TYR - VEN', 'F SEV - BLA', 'A GAL - RUM', 'A TRI S A TYR - VEN', 'A RUM - BUL', 'A SER S A RUM - BUL', 'A CON S A RUM - BUL'], 'TURKEY': ['A PIE - VEN', 'F ROM H', 'F BLA - CON', 'F ADR S A PIE - VEN', 'A GRE - SER', 'F ANK S F BLA - CON', 'A BUL S F BLA - CON']}","{'A NWY': [], 'F NTH': [], 'F IRI': ['bounce'], 'F MAO': [], 'F POR': [], 'A SPA': ['void'], 'F CLY': ['bounce'], 'F DEN': ['bounce'], 'A BER': [], 'A MUN': ['cut'], 'A BUR': [], 'A MAR': [], 'A GAS': ['bounce'], 'A HOL': [], 'A KIE': ['bounce'], 'A VEN': ['cut'], 'A TRI': [], 'A SER': ['cut'], 'A RUM': ['bounce'], 'A SWE': ['cut'], 'A STP': ['bounce'], 'A TYR': ['bounce'], 'A GAL': ['bounce'], 'A SIL': [], 'A BOH': ['bounce'], 'A CON': ['cut', 'dislodged'], 'F SEV': [], 'A GRE': ['bounce'], 'A BUL': ['cut'], 'F ADR': [], 'F ROM': [], 'A PIE': ['bounce'], 'F ANK': [], 'F BLA': []}","[{'sender': 'GERMANY', 'recipient': 'ENGLAND', 'time_sent': 1654638208369507, 'phase': 'F1913M', 'message': 'ORR (XDO (F IRI S F CLY - NAO)) (XDO (F MAO C A GAS - SPA)) (XDO (F NTH S A KIE - DEN)) (XDO (A NWY - BEL VIA))'}, {'sender': 'GERMANY', 'recipient': 'FRANCE', 'time_sent': 1654638208375417, 'phase': 'F1913M', 'message': 'ORR (XDO (F CLY S F NTH - EDI)) (XDO (F POR S F MAO)) (XDO (A SPA S F MAO - POR))'}, {'sender': 'GERMANY', 'recipient': 'ITALY', 'time_sent': 1654638208378773, 'phase': 'F1913M', 'message': 'XDO (A VEN S A TRI)'}, {'sender': 'GERMANY', 'recipient': 'RUSSIA', 'time_sent': 1654638208389176, 'phase': 'F1913M', 'message': 'ORR (XDO (A BOH - GAL)) (XDO (A CON S F BLA - BUL)) (XDO (A GAL S A TYR - BOH)) (XDO (A RUM S F BLA - BUL/EC)) (XDO (A SER S A VEN - ALB)) (XDO (F SEV S F BLA - RUM)) (XDO (A SIL S A TYR - MUN)) (XDO (A STP - NWY)) (XDO (A SWE S F NTH - DEN)) (XDO (A TRI S A GAL - BUD)) (XDO (A TYR S A TRI - VIE))'}, {'sender': 'GERMANY', 'recipient': 'TURKEY', 'time_sent': 1654638208398113, 'phase': 'F1913M', 'message': 'ORR (XDO (F ADR S A TRI - VEN)) (XDO (F ANK - BLA)) (XDO (F BLA S A RUM)) (XDO (A BUL S F ANK - CON)) (XDO (A GRE S F ADR - ALB)) (XDO (F ROM H))'}, {'sender': 'ITALY', 'recipient': 'GERMANY', 'time_sent': 1654638208398303, 'phase': 'F1913M', 'message': 'YES (XDO (A VEN S A TRI))'}]"
F1913R,"{'timestamp': 1654638210320120, 'zobrist_hash': '7856820913733690690', 'note': '', 'name': 'F1913R', 'units': {'AUSTRIA': [], 'ENGLAND': ['A NWY', 'F IRI', 'F EDI', 'F BRE'], 'FRANCE': ['F POR', 'A SPA', 'F CLY'], 'GERMANY': ['F DEN', 'A BER', 'A MUN', 'A BUR', 'A MAR', 'A GAS', 'A KIE', 'A BEL'], 'ITALY': ['A VEN'], 'RUSSIA': ['A TRI', 'A SER', 'A RUM', 'A SWE', 'A STP', 'A TYR', 'A GAL', 'A SIL', 'A BOH', 'F BLA', '*A CON'], 'TURKEY': ['A GRE', 'A BUL', 'F ADR', 'F ROM', 'A PIE', 'F ANK', 'F CON']}, 'retreats': {'AUSTRIA': {}, 'ENGLAND': {}, 'FRANCE': {}, 'GERMANY': {}, 'ITALY': {}, 'RUSSIA': {'A CON': ['SMY']}, 'TURKEY': {}}, 'centers': {'AUSTRIA': [], 'ENGLAND': ['EDI', 'LON', 'NWY', 'BRE'], 'FRANCE': ['POR', 'SPA', 'LVP'], 'GERMANY': ['KIE', 'DEN', 'HOL', 'BEL', 'BER', 'MUN', 'PAR', 'MAR'], 'ITALY': ['VEN'], 'RUSSIA': ['MOS', 'SEV', 'STP', 'WAR', 'VIE', 'TRI', 'SER', 'BUD', 'SWE', 'RUM', 'SMY'], 'TURKEY': ['ANK', 'CON', 'BUL', 'GRE', 'TUN', 'NAP', 'ROM']}, 'homes': {'AUSTRIA': ['BUD', 'TRI', 'VIE'], 'ENGLAND': ['EDI', 'LON', 'LVP'], 'FRANCE': ['BRE', 'MAR', 'PAR'], 'GERMANY': ['BER', 'KIE', 'MUN'], 'ITALY': ['NAP', 'ROM', 'VEN'], 'RUSSIA': ['MOS', 'SEV', 'STP', 'WAR'], 'TURKEY': ['ANK', 'CON', 'SMY']}, 'influence': {'AUSTRIA': ['ALB'], 'ENGLAND': ['YOR', 'NWY', 'LON', 'NTH', 'ENG', 'IRI', 'MAO', 'EDI', 'BRE'], 'FRANCE': ['LYO', 'POR', 'NAO', 'SPA', 'LVP', 'CLY'], 'GERMANY': ['BAL', 'SKA', 'DEN', 'BER', 'MUN', 'PIC', 'PAR', 'BUR', 'RUH', 'MAR', 'GAS', 'HOL', 'KIE', 'BEL'], 'ITALY': ['VEN'], 'RUSSIA': ['MOS', 'STP', 'BOT', 'WAR', 'TRI', 'LVN', 'PRU', 'SER', 'BUD', 'FIN', 'RUM', 'UKR', 'SWE', 'VIE', 'TYR', 'GAL', 'SIL', 'ARM', 'BOH', 'SMY', 'SEV', 'BLA'], 'TURKEY': ['APU', 'TUN', 'NAP', 'GRE', 'TYS', 'BUL', 'ADR', 'ROM', 'ION', 'PIE', 'AEG', 'ANK', 'WES', 'CON']}, 'civil_disorder': {'AUSTRIA': 0, 'ENGLAND': 0, 'FRANCE': 0, 'GERMANY': 0, 'ITALY': 0, 'RUSSIA': 0, 'TURKEY': 0}, 'builds': {'AUSTRIA': {'count': 0, 'homes': []}, 'ENGLAND': {'count': 0, 'homes': []}, 'FRANCE': {'count': 0, 'homes': []}, 'GERMANY': {'count': 0, 'homes': []}, 'ITALY': {'count': 0, 'homes': []}, 'RUSSIA': {'count': 0, 'homes': []}, 'TURKEY': {'count': 0, 'homes': []}}, 'game_id': 'Wtvk9s8R5yKQ-Ulr', 'map': 'standard', 'rules': ['POWER_CHOICE']}","{'AUSTRIA': [], 'ENGLAND': [], 'FRANCE': [], 'GERMANY': [], 'ITALY': [], 'RUSSIA': ['A CON R SMY'], 'TURKEY': []}","{'A CON': [], 'A VEN': ['void']}",[]
S1914M,"{'timestamp': 1654638212005943, 'zobrist_hash': '5577677647513460192', 'note': '', 'name': 'S1914M', 'units': {'AUSTRIA': [], 'ENGLAND': ['A NWY', 'F IRI', 'F EDI', 'F BRE'], 'FRANCE': ['F POR', 'A SPA', 'F CLY'], 'GERMANY': ['F DEN', 'A BER', 'A MUN', 'A BUR', 'A MAR', 'A GAS', 'A KIE', 'A BEL'], 'ITALY': ['A VEN'], 'RUSSIA': ['A TRI', 'A SER', 'A RUM', 'A SWE', 'A STP', 'A TYR', 'A GAL', 'A SIL', 'A BOH', 'F BLA', 'A SMY'], 'TURKEY': ['A GRE', 'A BUL', 'F ADR', 'F ROM', 'A PIE', 'F ANK', 'F CON']}, 'retreats': {'AUSTRIA': {}, 'ENGLAND': {}, 'FRANCE': {}, 'GERMANY': {}, 'ITALY': {}, 'RUSSIA': {}, 'TURKEY': {}}, 'centers': {'AUSTRIA': [], 'ENGLAND': ['EDI', 'LON', 'NWY', 'BRE'], 'FRANCE': ['POR', 'SPA', 'LVP'], 'GERMANY': ['KIE', 'DEN', 'HOL', 'BEL', 'BER', 'MUN', 'PAR', 'MAR'], 'ITALY': ['VEN'], 'RUSSIA': ['MOS', 'SEV', 'STP', 'WAR', 'VIE', 'TRI', 'SER', 'BUD', 'SWE', 'RUM', 'SMY'], 'TURKEY': ['ANK', 'CON', 'BUL', 'GRE', 'TUN', 'NAP', 'ROM']}, 'homes': {'AUSTRIA': ['BUD', 'TRI', 'VIE'], 'ENGLAND': ['EDI', 'LON', 'LVP'], 'FRANCE': ['BRE', 'MAR', 'PAR'], 'GERMANY': ['BER', 'KIE', 'MUN'], 'ITALY': ['NAP', 'ROM', 'VEN'], 'RUSSIA': ['MOS', 'SEV', 'STP', 'WAR'], 'TURKEY': ['ANK', 'CON', 'SMY']}, 'influence': {'AUSTRIA': ['ALB'], 'ENGLAND': ['YOR', 'NWY', 'LON', 'NTH', 'ENG', 'IRI', 'MAO', 'EDI', 'BRE'], 'FRANCE': ['LYO', 'POR', 'NAO', 'SPA', 'LVP', 'CLY'], 'GERMANY': ['BAL', 'SKA', 'DEN', 'BER', 'MUN', 'PIC', 'PAR', 'BUR', 'RUH', 'MAR', 'GAS', 'HOL', 'KIE', 'BEL'], 'ITALY': ['VEN'], 'RUSSIA': ['MOS', 'STP', 'BOT', 'WAR', 'TRI', 'LVN', 'PRU', 'SER', 'BUD', 'FIN', 'RUM', 'UKR', 'SWE', 'VIE', 'TYR', 'GAL', 'SIL', 'ARM', 'BOH', 'SEV', 'BLA', 'SMY'], 'TURKEY': ['APU', 'TUN', 'NAP', 'GRE', 'TYS', 'BUL', 'ADR', 'ROM', 'ION', 'PIE', 'AEG', 'ANK', 'WES', 'CON']}, 'civil_disorder': {'AUSTRIA': 0, 'ENGLAND': 0, 'FRANCE': 0, 'GERMANY': 0, 'ITALY': 0, 'RUSSIA': 0, 'TURKEY': 0}, 'builds': {'AUSTRIA': {'count': 0, 'homes': []}, 'ENGLAND': {'count': 0, 'homes': []}, 'FRANCE': {'count': 0, 'homes': []}, 'GERMANY': {'count': 0, 'homes': []}, 'ITALY': {'count': 0, 'homes': []}, 'RUSSIA': {'count': 0, 'homes': []}, 'TURKEY': {'count': 0, 'homes': []}}, 'game_id': 'Wtvk9s8R5yKQ-Ulr', 'map': 'standard', 'rules': ['POWER_CHOICE']}","{'AUSTRIA': [], 'ENGLAND': ['F EDI - CLY', 'F IRI - LVP', 'A NWY H', 'F BRE - MAO'], 'FRANCE': ['F CLY - LVP', 'F POR S A SPA', 'A SPA S A PIE - MAR'], 'GERMANY': ['A BEL - PIC', 'F DEN - SWE', 'A BUR - PAR', 'A KIE - DEN', 'A GAS - SPA', 'A MAR S A GAS - SPA', 'A MUN S A BER - SIL', 'A BER - SIL'], 'ITALY': ['A VEN S F ROM - TUS'], 'RUSSIA': ['A SWE S A STP - NWY', 'A STP - NWY', 'A BOH - MUN', 'A SIL S A BOH - MUN', 'A TYR - VEN', 'A GAL - RUM', 'A TRI S A TYR - VEN', 'F BLA S A RUM - BUL', 'A RUM - BUL', 'A SER S A RUM - BUL', 'A SMY - CON'], 'TURKEY': ['A PIE - VEN', 'F ROM H', 'F ADR S A PIE - VEN', 'A GRE - SER', 'F ANK S F CON - BLA', 'A BUL S A GRE - SER', 'F CON - BLA']}","{'A NWY': [], 'F IRI': ['bounce'], 'F EDI': ['bounce'], 'F BRE': [], 'F POR': [], 'A SPA': ['void'], 'F CLY': ['bounce'], 'F DEN': ['bounce'], 'A BER': ['bounce'], 'A MUN': ['cut'], 'A BUR': [], 'A MAR': [], 'A GAS': ['bounce'], 'A KIE': ['bounce'], 'A BEL': [], 'A VEN': ['void'], 'A TRI': [], 'A SER': ['cut'], 'A RUM': ['bounce'], 'A SWE': ['cut'], 'A STP': ['bounce'], 'A TYR': ['bounce'], 'A GAL': ['bounce'], 'A SIL': ['cut'], 'A BOH': ['bounce'], 'F BLA': ['cut', 'dislodged'], 'A SMY': [], 'A GRE': ['bounce'], 'A BUL': ['cut'], 'F ADR': [], 'F ROM': [], 'A PIE': ['bounce'], 'F ANK': [], 'F CON': []}","[{'sender': 'GERMANY', 'recipient': 'ENGLAND', 'time_sent': 1654638210621740, 'phase': 'S1914M', 'message': 'ORR (XDO (F BRE - MAO)) (XDO (F EDI S F CLY)) (XDO (F IRI - ENG)) (XDO (A NWY S F DEN - SWE))'}, {'sender': 'GERMANY', 'recipient': 'FRANCE', 'time_sent': 1654638210625343, 'phase': 'S1914M', 'message': 'ORR (XDO (F CLY - EDI)) (XDO (F POR S F BRE - MAO)) (XDO (A SPA S A GAS))'}, {'sender': 'GERMANY', 'recipient': 'ITALY', 'time_sent': 1654638210629123, 'phase': 'S1914M', 'message': 'XDO (A VEN S F ROM - TUS)'}, {'sender': 'GERMANY', 'recipient': 'RUSSIA', 'time_sent': 1654638210639294, 'phase': 'S1914M', 'message': 'ORR (XDO (F BLA S F ANK - CON)) (XDO (A BOH H)) (XDO (A GAL S A BOH - VIE)) (XDO (A RUM - BUD)) (XDO (A SER - TRI)) (XDO (A SIL - WAR)) (XDO (A SMY - ARM)) (XDO (A STP - NWY)) (XDO (A TRI - VEN)) (XDO (A TYR S A TRI - VIE))'}, {'sender': 'GERMANY', 'recipient': 'TURKEY', 'time_sent': 1654638210646233, 'phase': 'S1914M', 'message': 'ORR (XDO (F ADR S A TRI - VEN)) (XDO (F ANK - BLA)) (XDO (A BUL S A SER)) (XDO (F CON - SMY)) (XDO (A GRE S A BUL - SER)) (XDO (F ROM - TUS))'}, {'sender': 'ITALY', 'recipient': 'GERMANY', 'time_sent': 1654638210646400, 'phase': 'S1914M', 'message': 'YES (XDO (A VEN S F ROM - TUS))'}]"
S1914R,"{'timestamp': 1654638212567654, 'zobrist_hash': '7776290561292406721', 'note': '', 'name': 'S1914R', 'units': {'AUSTRIA': [], 'ENGLAND': ['A NWY', 'F IRI', 'F EDI', 'F MAO'], 'FRANCE': ['F POR', 'A SPA', 'F CLY'], 'GERMANY': ['F DEN', 'A BER', 'A MUN', 'A MAR', 'A GAS', 'A KIE', 'A PAR', 'A PIC'], 'ITALY': ['A VEN'], 'RUSSIA': ['A TRI', 'A SER', 'A RUM', 'A SWE', 'A STP', 'A TYR', 'A GAL', 'A SIL', 'A BOH', 'A CON', '*F BLA'], 'TURKEY': ['A GRE', 'A BUL', 'F ADR', 'F ROM', 'A PIE', 'F ANK', 'F BLA']}, 'retreats': {'AUSTRIA': {}, 'ENGLAND': {}, 'FRANCE': {}, 'GERMANY': {}, 'ITALY': {}, 'RUSSIA': {'F BLA': ['ARM', 'SEV']}, 'TURKEY': {}}, 'centers': {'AUSTRIA': [], 'ENGLAND': ['EDI', 'LON', 'NWY', 'BRE'], 'FRANCE': ['POR', 'SPA', 'LVP'], 'GERMANY': ['KIE', 'DEN', 'HOL', 'BEL', 'BER', 'MUN', 'PAR', 'MAR'], 'ITALY': ['VEN'], 'RUSSIA': ['MOS', 'SEV', 'STP', 'WAR', 'VIE', 'TRI', 'SER', 'BUD', 'SWE', 'RUM', 'SMY'], 'TURKEY': ['ANK', 'CON', 'BUL', 'GRE', 'TUN', 'NAP', 'ROM']}, 'homes': {'AUSTRIA': ['BUD', 'TRI', 'VIE'], 'ENGLAND': ['EDI', 'LON', 'LVP'], 'FRANCE': ['BRE', 'MAR', 'PAR'], 'GERMANY': ['BER', 'KIE', 'MUN'], 'ITALY': ['NAP', 'ROM', 'VEN'], 'RUSSIA': ['MOS', 'SEV', 'STP', 'WAR'], 'TURKEY': ['ANK', 'CON', 'SMY']}, 'influence': {'AUSTRIA': ['ALB'], 'ENGLAND': ['YOR', 'NWY', 'LON', 'NTH', 'ENG', 'IRI', 'EDI', 'BRE', 'MAO'], 'FRANCE': ['LYO', 'POR', 'NAO', 'SPA', 'LVP', 'CLY'], 'GERMANY': ['BAL', 'SKA', 'DEN', 'BER', 'MUN', 'BUR', 'RUH', 'MAR', 'GAS', 'HOL', 'KIE', 'BEL', 'PAR', 'PIC'], 'ITALY': ['VEN'], 'RUSSIA': ['MOS', 'STP', 'BOT', 'WAR', 'TRI', 'LVN', 'PRU', 'SER', 'BUD', 'FIN', 'RUM', 'UKR', 'SWE', 'VIE', 'TYR', 'GAL', 'SIL', 'ARM', 'BOH', 'SEV', 'SMY', 'CON'], 'TURKEY': ['APU', 'TUN', 'NAP', 'GRE', 'TYS', 'BUL', 'ADR', 'ROM', 'ION', 'PIE', 'AEG', 'ANK', 'WES', 'BLA']}, 'civil_disorder': {'AUSTRIA': 0, 'ENGLAND': 0, 'FRANCE': 0, 'GERMANY': 0, 'ITALY': 0, 'RUSSIA': 0, 'TURKEY': 0}, 'builds': {'AUSTRIA': {'count': 0, 'homes': []}, 'ENGLAND': {'count': 0, 'homes': []}, 'FRANCE': {'count': 0, 'homes': []}, 'GERMANY': {'count': 0, 'homes': []}, 'ITALY': {'count': 0, 'homes': []}, 'RUSSIA': {'count': 0, 'homes': []}, 'TURKEY': {'count': 0, 'homes': []}}, 'game_id': 'Wtvk9s8R5yKQ-Ulr', 'map': 'standard', 'rules': ['POWER_CHOICE']}","{'AUSTRIA': [], 'ENGLAND': [], 'FRANCE': [], 'GERMANY': [], 'ITALY': [], 'RUSSIA': ['F BLA R SEV'], 'TURKEY': []}","{'F BLA': [], 'A VEN': ['void']}",[]
F1914M,"{'timestamp': 1654638214258240, 'zobrist_hash': '602499912831721002', 'note': '', 'name': 'F1914M', 'units': {'AUSTRIA': [], 'ENGLAND': ['A NWY', 'F IRI', 'F EDI', 'F MAO'], 'FRANCE': ['F POR', 'A SPA', 'F CLY'], 'GERMANY': ['F DEN', 'A BER', 'A MUN', 'A MAR', 'A GAS', 'A KIE', 'A PAR', 'A PIC'], 'ITALY': ['A VEN'], 'RUSSIA': ['A TRI', 'A SER', 'A RUM', 'A SWE', 'A STP', 'A TYR', 'A GAL', 'A SIL', 'A BOH', 'A CON', 'F SEV'], 'TURKEY': ['A GRE', 'A BUL', 'F ADR', 'F ROM', 'A PIE', 'F ANK', 'F BLA']}, 'retreats': {'AUSTRIA': {}, 'ENGLAND': {}, 'FRANCE': {}, 'GERMANY': {}, 'ITALY': {}, 'RUSSIA': {}, 'TURKEY': {}}, 'centers': {'AUSTRIA': [], 'ENGLAND': ['EDI', 'LON', 'NWY', 'BRE'], 'FRANCE': ['POR', 'SPA', 'LVP'], 'GERMANY': ['KIE', 'DEN', 'HOL', 'BEL', 'BER', 'MUN', 'PAR', 'MAR'], 'ITALY': ['VEN'], 'RUSSIA': ['MOS', 'SEV', 'STP', 'WAR', 'VIE', 'TRI', 'SER', 'BUD', 'SWE', 'RUM', 'SMY'], 'TURKEY': ['ANK', 'CON', 'BUL', 'GRE', 'TUN', 'NAP', 'ROM']}, 'homes': {'AUSTRIA': ['BUD', 'TRI', 'VIE'], 'ENGLAND': ['EDI', 'LON', 'LVP'], 'FRANCE': ['BRE', 'MAR', 'PAR'], 'GERMANY': ['BER', 'KIE', 'MUN'], 'ITALY': ['NAP', 'ROM', 'VEN'], 'RUSSIA': ['MOS', 'SEV', 'STP', 'WAR'], 'TURKEY': ['ANK', 'CON', 'SMY']}, 'influence': {'AUSTRIA': ['ALB'], 'ENGLAND': ['YOR', 'NWY', 'LON', 'NTH', 'ENG', 'IRI', 'EDI', 'BRE', 'MAO'], 'FRANCE': ['LYO', 'POR', 'NAO', 'SPA', 'LVP', 'CLY'], 'GERMANY': ['BAL', 'SKA', 'DEN', 'BER', 'MUN', 'BUR', 'RUH', 'MAR', 'GAS', 'HOL', 'KIE', 'BEL', 'PAR', 'PIC'], 'ITALY': ['VEN'], 'RUSSIA': ['MOS', 'STP', 'BOT', 'WAR', 'TRI', 'LVN', 'PRU', 'SER', 'BUD', 'FIN', 'RUM', 'UKR', 'SWE', 'VIE', 'TYR', 'GAL', 'SIL', 'ARM', 'BOH', 'SMY', 'CON', 'SEV'], 'TURKEY': ['APU', 'TUN', 'NAP', 'GRE', 'TYS', 'BUL', 'ADR', 'ROM', 'ION', 'PIE', 'AEG', 'ANK', 'WES', 'BLA']}, 'civil_disorder': {'AUSTRIA': 0, 'ENGLAND': 0, 'FRANCE': 0, 'GERMANY': 0, 'ITALY': 0, 'RUSSIA': 0, 'TURKEY': 0}, 'builds': {'AUSTRIA': {'count': 0, 'homes': []}, 'ENGLAND': {'count': 0, 'homes': []}, 'FRANCE': {'count': 0, 'homes': []}, 'GERMANY': {'count': 0, 'homes': []}, 'ITALY': {'count': 0, 'homes': []}, 'RUSSIA': {'count': 0, 'homes': []}, 'TURKEY': {'count': 0, 'homes': []}}, 'game_id': 'Wtvk9s8R5yKQ-Ulr', 'map': 'standard', 'rules': ['POWER_CHOICE']}","{'AUSTRIA': [], 'ENGLAND': ['F EDI - CLY', 'F IRI - LVP', 'A NWY H', 'F MAO - BRE'], 'FRANCE': ['F CLY - LVP', 'F POR S A SPA', 'A SPA S A PIE - MAR'], 'GERMANY': ['F DEN - SWE', 'A PIC - BRE', 'A KIE - DEN', 'A GAS - SPA', 'A PAR S A PIC - BRE', 'A MAR S A GAS - SPA', 'A MUN S A BER', 'A BER S A MUN'], 'ITALY': ['A VEN S A MUN - TYR'], 'RUSSIA': ['A SWE S A STP - NWY', 'A STP - NWY', 'A BOH - MUN', 'A SIL S A BOH - MUN', 'A TYR - VEN', 'F SEV - BLA', 'A GAL - RUM', 'A TRI S A TYR - VEN', 'A RUM - BUL', 'A SER S A RUM - BUL', 'A CON S A RUM - BUL'], 'TURKEY': ['A PIE - VEN', 'F ROM H', 'F BLA - CON', 'F ADR S A PIE - VEN', 'A GRE - SER', 'F ANK S F BLA - CON', 'A BUL S F BLA - CON']}","{'A NWY': [], 'F IRI': ['bounce'], 'F EDI': ['bounce'], 'F MAO': ['bounce'], 'F POR': [], 'A SPA': ['void'], 'F CLY': ['bounce'], 'F DEN': ['bounce'], 'A BER': [], 'A MUN': ['cut'], 'A MAR': [], 'A GAS': ['bounce'], 'A KIE': ['bounce'], 'A PAR': [], 'A PIC': [], 'A VEN': ['void'], 'A TRI': [], 'A SER': ['cut'], 'A RUM': ['bounce'], 'A SWE': ['cut'], 'A STP': ['bounce'], 'A TYR': ['bounce'], 'A GAL': ['bounce'], 'A SIL': [], 'A BOH': ['bounce'], 'A CON': ['cut', 'dislodged'], 'F SEV': [], 'A GRE': ['bounce'], 'A BUL': ['cut'], 'F ADR': [], 'F ROM': [], 'A PIE': ['bounce'], 'F ANK': [], 'F BLA': []}","[{'sender': 'GERMANY', 'recipient': 'ENGLAND', 'time_sent': 1654638212872930, 'phase': 'F1914M', 'message': 'ORR (XDO (F EDI - NWG)) (XDO (F IRI - ENG)) (XDO (F MAO S F POR - SPA)) (XDO (A NWY H))'}, {'sender': 'GERMANY', 'recipient': 'FRANCE', 'time_sent': 1654638212876625, 'phase': 'F1914M', 'message': 'ORR (XDO (F CLY - EDI)) (XDO (F POR S F MAO - SPA/SC)) (XDO (A SPA - LVP VIA))'}, {'sender': 'GERMANY', 'recipient': 'ITALY', 'time_sent': 1654638212880257, 'phase': 'F1914M', 'message': 'XDO (A VEN S A MUN - TYR)'}, {'sender': 'GERMANY', 'recipient': 'RUSSIA', 'time_sent': 1654638212890944, 'phase': 'F1914M', 'message': 'ORR (XDO (A BOH H)) (XDO (A CON - SMY)) (XDO (A GAL S A SIL)) (XDO (A RUM S F BLA - BUL/EC)) (XDO (A SER - TRI)) (XDO (F SEV S F BLA - RUM)) (XDO (A SIL - WAR)) (XDO (A STP - MOS)) (XDO (A SWE S A STP - FIN)) (XDO (A TRI S A VEN)) (XDO (A TYR S A TRI - VEN))'}, {'sender': 'GERMANY', 'recipient': 'TURKEY', 'time_sent': 1654638212898274, 'phase': 'F1914M', 'message': 'ORR (XDO (F ADR - APU)) (XDO (F ANK S F BLA - CON)) (XDO (F BLA S F ANK - CON)) (XDO (A BUL S F ANK - CON)) (XDO (A GRE S A RUM - SER)) (XDO (A PIE S A VEN - TYR)) (XDO (F ROM H))'}, {'sender': 'ITALY', 'recipient': 'GERMANY', 'time_sent': 1654638212898447, 'phase': 'F1914M', 'message': 'YES (XDO (A VEN S A MUN - TYR))'}]"
F1914R,"{'timestamp': 1654638214819314, 'zobrist_hash': '2750875712405062015', 'note': '', 'name': 'F1914R', 'units': {'AUSTRIA': [], 'ENGLAND': ['A NWY', 'F IRI', 'F EDI', 'F MAO'], 'FRANCE': ['F POR', 'A SPA', 'F CLY'], 'GERMANY': ['F DEN', 'A BER', 'A MUN', 'A MAR', 'A GAS', 'A KIE', 'A PAR', 'A BRE'], 'ITALY': ['A VEN'], 'RUSSIA': ['A TRI', 'A SER', 'A RUM', 'A SWE', 'A STP', 'A TYR', 'A GAL', 'A SIL', 'A BOH', 'F BLA', '*A CON'], 'TURKEY': ['A GRE', 'A BUL', 'F ADR', 'F ROM', 'A PIE', 'F ANK', 'F CON']}, 'retreats': {'AUSTRIA': {}, 'ENGLAND': {}, 'FRANCE': {}, 'GERMANY': {}, 'ITALY': {}, 'RUSSIA': {'A CON': ['SMY']}, 'TURKEY': {}}, 'centers': {'AUSTRIA': [], 'ENGLAND': ['EDI', 'LON', 'NWY', 'BRE'], 'FRANCE': ['POR', 'SPA', 'LVP'], 'GERMANY': ['KIE', 'DEN', 'HOL', 'BEL', 'BER', 'MUN', 'PAR', 'MAR'], 'ITALY': ['VEN'], 'RUSSIA': ['MOS', 'SEV', 'STP', 'WAR', 'VIE', 'TRI', 'SER', 'BUD', 'SWE', 'RUM', 'SMY'], 'TURKEY': ['ANK', 'CON', 'BUL', 'GRE', 'TUN', 'NAP', 'ROM']}, 'homes': {'AUSTRIA': ['BUD', 'TRI', 'VIE'], 'ENGLAND': ['EDI', 'LON', 'LVP'], 'FRANCE': ['BRE', 'MAR', 'PAR'], 'GERMANY': ['BER', 'KIE', 'MUN'], 'ITALY': ['NAP', 'ROM', 'VEN'], 'RUSSIA': ['MOS', 'SEV', 'STP', 'WAR'], 'TURKEY': ['ANK', 'CON', 'SMY']}, 'influence': {'AUSTRIA': ['ALB'], 'ENGLAND': ['YOR', 'NWY', 'LON', 'NTH', 'ENG', 'IRI', 'EDI', 'MAO'], 'FRANCE': ['LYO', 'POR', 'NAO', 'SPA', 'LVP', 'CLY'], 'GERMANY': ['BAL', 'SKA', 'DEN', 'BER', 'MUN', 'BUR', 'RUH', 'MAR', 'GAS', 'HOL', 'KIE', 'BEL', 'PAR', 'PIC', 'BRE'], 'ITALY': ['VEN'], 'RUSSIA': ['MOS', 'STP', 'BOT', 'WAR', 'TRI', 'LVN', 'PRU', 'SER', 'BUD', 'FIN', 'RUM', 'UKR', 'SWE', 'VIE', 'TYR', 'GAL', 'SIL', 'ARM', 'BOH', 'SMY', 'SEV', 'BLA'], 'TURKEY': ['APU', 'TUN', 'NAP', 'GRE', 'TYS', 'BUL', 'ADR', 'ROM', 'ION', 'PIE', 'AEG', 'ANK', 'WES', 'CON']}, 'civil_disorder': {'AUSTRIA': 0, 'ENGLAND': 0, 'FRANCE': 0, 'GERMANY': 0, 'ITALY': 0, 'RUSSIA': 0, 'TURKEY': 0}, 'builds': {'AUSTRIA': {'count': 0, 'homes': []}, 'ENGLAND': {'count': 0, 'homes': []}, 'FRANCE': {'count': 0, 'homes': []}, 'GERMANY': {'count': 0, 'homes': []}, 'ITALY': {'count': 0, 'homes': []}, 'RUSSIA': {'count': 0, 'homes': []}, 'TURKEY': {'count': 0, 'homes': []}}, 'game_id': 'Wtvk9s8R5yKQ-Ulr', 'map': 'standard', 'rules': ['POWER_CHOICE']}","{'AUSTRIA': [], 'ENGLAND': [], 'FRANCE': [], 'GERMANY': [], 'ITALY': [], 'RUSSIA': ['A CON R SMY'], 'TURKEY': []}","{'A CON': [], 'A VEN': ['void']}",[]
W1914A,"{'timestamp': 1654638215366284, 'zobrist_hash': '8617802302925934666', 'note': '', 'name': 'W1914A', 'units': {'AUSTRIA': [], 'ENGLAND': ['A NWY', 'F IRI', 'F EDI', 'F MAO'], 'FRANCE': ['F POR', 'A SPA', 'F CLY'], 'GERMANY': ['F DEN', 'A BER', 'A MUN', 'A MAR', 'A GAS', 'A KIE', 'A PAR', 'A BRE'], 'ITALY': ['A VEN'], 'RUSSIA': ['A TRI', 'A SER', 'A RUM', 'A SWE', 'A STP', 'A TYR', 'A GAL', 'A SIL', 'A BOH', 'F BLA', 'A SMY'], 'TURKEY': ['A GRE', 'A BUL', 'F ADR', 'F ROM', 'A PIE', 'F ANK', 'F CON']}, 'retreats': {'AUSTRIA': {}, 'ENGLAND': {}, 'FRANCE': {}, 'GERMANY': {}, 'ITALY': {}, 'RUSSIA': {}, 'TURKEY': {}}, 'centers': {'AUSTRIA': [], 'ENGLAND': ['EDI', 'LON', 'NWY'], 'FRANCE': ['POR', 'SPA', 'LVP'], 'GERMANY': ['KIE', 'DEN', 'HOL', 'BEL', 'BER', 'MUN', 'PAR', 'MAR', 'BRE'], 'ITALY': ['VEN'], 'RUSSIA': ['MOS', 'SEV', 'STP', 'WAR', 'VIE', 'TRI', 'SER', 'BUD', 'SWE', 'RUM', 'SMY'], 'TURKEY': ['ANK', 'CON', 'BUL', 'GRE', 'TUN', 'NAP', 'ROM']}, 'homes': {'AUSTRIA': ['BUD', 'TRI', 'VIE'], 'ENGLAND': ['EDI', 'LON', 'LVP'], 'FRANCE': ['BRE', 'MAR', 'PAR'], 'GERMANY': ['BER', 'KIE', 'MUN'], 'ITALY': ['NAP', 'ROM', 'VEN'], 'RUSSIA': ['MOS', 'SEV', 'STP', 'WAR'], 'TURKEY': ['ANK', 'CON', 'SMY']}, 'influence': {'AUSTRIA': ['ALB'], 'ENGLAND': ['YOR', 'NWY', 'LON', 'NTH', 'ENG', 'IRI', 'EDI', 'MAO'], 'FRANCE': ['LYO', 'POR', 'NAO', 'SPA', 'LVP', 'CLY'], 'GERMANY': ['BAL', 'SKA', 'DEN', 'BER', 'MUN', 'BUR', 'RUH', 'MAR', 'GAS', 'HOL', 'KIE', 'BEL', 'PAR', 'PIC', 'BRE'], 'ITALY': ['VEN'], 'RUSSIA': ['MOS', 'STP', 'BOT', 'WAR', 'TRI', 'LVN', 'PRU', 'SER', 'BUD', 'FIN', 'RUM', 'UKR', 'SWE', 'VIE', 'TYR', 'GAL', 'SIL', 'ARM', 'BOH', 'SEV', 'BLA', 'SMY'], 'TURKEY': ['APU', 'TUN', 'NAP', 'GRE', 'TYS', 'BUL', 'ADR', 'ROM', 'ION', 'PIE', 'AEG', 'ANK', 'WES', 'CON']}, 'civil_disorder': {'AUSTRIA': 0, 'ENGLAND': 0, 'FRANCE': 0, 'GERMANY': 0, 'ITALY': 0, 'RUSSIA': 0, 'TURKEY': 0}, 'builds': {'AUSTRIA': {'count': 0, 'homes': []}, 'ENGLAND': {'count': -1, 'homes': []}, 'FRANCE': {'count': 0, 'homes': []}, 'GERMANY': {'count': 0, 'homes': []}, 'ITALY': {'count': 0, 'homes': []}, 'RUSSIA': {'count': 0, 'homes': []}, 'TURKEY': {'count': 0, 'homes': []}}, 'game_id': 'Wtvk9s8R5yKQ-Ulr', 'map': 'standard', 'rules': ['POWER_CHOICE']}","{'AUSTRIA': [], 'ENGLAND': ['A NWY D'], 'FRANCE': [], 'GERMANY': [], 'ITALY': [], 'RUSSIA': [], 'TURKEY': []}","{'A NWY': [''], 'A VEN': ['void']}",[]
S1915M,"{'timestamp': 1654638217054379, 'zobrist_hash': '3617791237332116661', 'note': '', 'name': 'S1915M', 'units': {'AUSTRIA': [], 'ENGLAND': ['F IRI', 'F EDI', 'F MAO'], 'FRANCE': ['F POR', 'A SPA', 'F CLY'], 'GERMANY': ['F DEN', 'A BER', 'A MUN', 'A MAR', 'A GAS', 'A KIE', 'A PAR', 'A BRE'], 'ITALY': ['A VEN'], 'RUSSIA': ['A TRI', 'A SER', 'A RUM', 'A SWE', 'A STP', 'A TYR', 'A GAL', 'A SIL', 'A BOH', 'F BLA', 'A SMY'], 'TURKEY': ['A GRE', 'A BUL', 'F ADR', 'F ROM', 'A PIE', 'F ANK', 'F CON']}, 'retreats': {'AUSTRIA': {}, 'ENGLAND': {}, 'FRANCE': {}, 'GERMANY': {}, 'ITALY': {}, 'RUSSIA': {}, 'TURKEY': {}}, 'centers': {'AUSTRIA': [], 'ENGLAND': ['EDI', 'LON', 'NWY'], 'FRANCE': ['POR', 'SPA', 'LVP'], 'GERMANY': ['KIE', 'DEN', 'HOL', 'BEL', 'BER', 'MUN', 'PAR', 'MAR', 'BRE'], 'ITALY': ['VEN'], 'RUSSIA': ['MOS', 'SEV', 'STP', 'WAR', 'VIE', 'TRI', 'SER', 'BUD', 'SWE', 'RUM', 'SMY'], 'TURKEY': ['ANK', 'CON', 'BUL', 'GRE', 'TUN', 'NAP', 'ROM']}, 'homes': {'AUSTRIA': ['BUD', 'TRI', 'VIE'], 'ENGLAND': ['EDI', 'LON', 'LVP'], 'FRANCE': ['BRE', 'MAR', 'PAR'], 'GERMANY': ['BER', 'KIE', 'MUN'], 'ITALY': ['NAP', 'ROM', 'VEN'], 'RUSSIA': ['MOS', 'SEV', 'STP', 'WAR'], 'TURKEY': ['ANK', 'CON', 'SMY']}, 'influence': {'AUSTRIA': ['ALB'], 'ENGLAND': ['YOR', 'NWY', 'LON', 'NTH', 'ENG', 'IRI', 'EDI', 'MAO'], 'FRANCE': ['LYO', 'POR', 'NAO', 'SPA', 'LVP', 'CLY'], 'GERMANY': ['BAL', 'SKA', 'DEN', 'BER', 'MUN', 'BUR', 'RUH', 'MAR', 'GAS', 'HOL', 'KIE', 'BEL', 'PAR', 'PIC', 'BRE'], 'ITALY': ['VEN'], 'RUSSIA': ['MOS', 'STP', 'BOT', 'WAR', 'TRI', 'LVN', 'PRU', 'SER', 'BUD', 'FIN', 'RUM', 'UKR', 'SWE', 'VIE', 'TYR', 'GAL', 'SIL', 'ARM', 'BOH', 'SEV', 'BLA', 'SMY'], 'TURKEY': ['APU', 'TUN', 'NAP', 'GRE', 'TYS', 'BUL', 'ADR', 'ROM', 'ION', 'PIE', 'AEG', 'ANK', 'WES', 'CON']}, 'civil_disorder': {'AUSTRIA': 0, 'ENGLAND': 0, 'FRANCE': 0, 'GERMANY': 0, 'ITALY': 0, 'RUSSIA': 0, 'TURKEY': 0}, 'builds': {'AUSTRIA': {'count': 0, 'homes': []}, 'ENGLAND': {'count': 0, 'homes': []}, 'FRANCE': {'count': 0, 'homes': []}, 'GERMANY': {'count': 0, 'homes': []}, 'ITALY': {'count': 0, 'homes': []}, 'RUSSIA': {'count': 0, 'homes': []}, 'TURKEY': {'count': 0, 'homes': []}}, 'game_id': 'Wtvk9s8R5yKQ-Ulr', 'map': 'standard', 'rules': ['POWER_CHOICE']}","{'AUSTRIA': [], 'ENGLAND': ['F EDI - CLY', 'F IRI - LVP', 'F MAO - ENG'], 'FRANCE': ['F CLY - LVP', 'F POR S A SPA', 'A SPA S A PIE - MAR'], 'GERMANY': ['F DEN - SWE', 'A BRE - POR VIA', 'A KIE - DEN', 'A GAS - SPA', 'A PAR - BUR', 'A MAR S A GAS - SPA', 'A MUN S A BER', 'A BER S A MUN'], 'ITALY': ['A VEN S A TRI'], 'RUSSIA': ['A SWE S A STP - NWY', 'A STP - NWY', 'A BOH S A SIL - MUN', 'A SIL - MUN', 'A TYR - VEN', 'A GAL - RUM', 'A TRI S A TYR - VEN', 'F BLA S A RUM - BUL', 'A RUM - BUL', 'A SER S A RUM - BUL', 'A SMY - CON'], 'TURKEY': ['A PIE - VEN', 'F ROM H', 'F ADR S A PIE - VEN', 'A GRE - SER', 'F ANK S F CON - BLA', 'A BUL S A GRE - SER', 'F CON - BLA']}","{'F IRI': ['bounce'], 'F EDI': ['bounce'], 'F MAO': [], 'F POR': [], 'A SPA': ['void'], 'F CLY': ['bounce'], 'F DEN': ['bounce'], 'A BER': [], 'A MUN': ['cut'], 'A MAR': [], 'A GAS': ['bounce'], 'A KIE': ['bounce'], 'A PAR': [], 'A BRE': ['no convoy'], 'A VEN': ['cut'], 'A TRI': [], 'A SER': ['cut'], 'A RUM': ['bounce'], 'A SWE': ['cut'], 'A STP': [], 'A TYR': ['bounce'], 'A GAL': ['bounce'], 'A SIL': ['bounce'], 'A BOH': [], 'F BLA': ['cut', 'dislodged'], 'A SMY': [], 'A GRE': ['bounce'], 'A BUL': ['cut'], 'F ADR': [], 'F ROM': [], 'A PIE': ['bounce'], 'F ANK': [], 'F CON': []}","[{'sender': 'GERMANY', 'recipient': 'ENGLAND', 'time_sent': 1654638215670859, 'phase': 'S1915M', 'message': 'ORR (XDO (F EDI S F CLY - NWG)) (XDO (F IRI - ENG)) (XDO (F MAO C A GAS - SPA))'}, {'sender': 'GERMANY', 'recipient': 'FRANCE', 'time_sent': 1654638215675442, 'phase': 'S1915M', 'message': 'ORR (XDO (F CLY - NWG)) (XDO (F POR S A GAS - SPA)) (XDO (A SPA S F MAO - POR))'}, {'sender': 'GERMANY', 'recipient': 'ITALY', 'time_sent': 1654638215678317, 'phase': 'S1915M', 'message': 'XDO (A VEN S A TRI)'}, {'sender': 'GERMANY', 'recipient': 'RUSSIA', 'time_sent': 1654638215687840, 'phase': 'S1915M', 'message': 'ORR (XDO (F BLA S F ANK - CON)) (XDO (A BOH S A GAL - VIE)) (XDO (A GAL S A BOH - VIE)) (XDO (A RUM - BUD)) (XDO (A SER S A VEN - ALB)) (XDO (A SIL S A GAL - WAR)) (XDO (A SMY - ARM)) (XDO (A STP H)) (XDO (A SWE S A STP - FIN)) (XDO (A TRI S A VEN)) (XDO (A TYR S A TRI - VIE))'}, {'sender': 'GERMANY', 'recipient': 'TURKEY', 'time_sent': 1654638215696576, 'phase': 'S1915M', 'message': 'ORR (XDO (F ADR S A VEN - APU)) (XDO (F ANK - BLA)) (XDO (A BUL - CON VIA)) (XDO (F CON - SMY)) (XDO (A GRE S F CON - BUL)) (XDO (A PIE S A BOH - TYR)) (XDO (F ROM H))'}, {'sender': 'ITALY', 'recipient': 'GERMANY', 'time_sent': 1654638215696747, 'phase': 'S1915M', 'message': 'YES (XDO (A VEN S A TRI))'}]"
S1915R,"{'timestamp': 1654638217609206, 'zobrist_hash': '6443714160953571907', 'note': '', 'name': 'S1915R', 'units': {'AUSTRIA': [], 'ENGLAND': ['F IRI', 'F EDI', 'F ENG'], 'FRANCE': ['F POR', 'A SPA', 'F CLY'], 'GERMANY': ['F DEN', 'A BER', 'A MUN', 'A MAR', 'A GAS', 'A KIE', 'A BRE', 'A BUR'], 'ITALY': ['A VEN'], 'RUSSIA': ['A TRI', 'A SER', 'A RUM', 'A SWE', 'A TYR', 'A GAL', 'A SIL', 'A BOH', 'A NWY', 'A CON', '*F BLA'], 'TURKEY': ['A GRE', 'A BUL', 'F ADR', 'F ROM', 'A PIE', 'F ANK', 'F BLA']}, 'retreats': {'AUSTRIA': {}, 'ENGLAND': {}, 'FRANCE': {}, 'GERMANY': {}, 'ITALY': {}, 'RUSSIA': {'F BLA': ['ARM', 'SEV']}, 'TURKEY': {}}, 'centers': {'AUSTRIA': [], 'ENGLAND': ['EDI', 'LON', 'NWY'], 'FRANCE': ['POR', 'SPA', 'LVP'], 'GERMANY': ['KIE', 'DEN', 'HOL', 'BEL', 'BER', 'MUN', 'PAR', 'MAR', 'BRE'], 'ITALY': ['VEN'], 'RUSSIA': ['MOS', 'SEV', 'STP', 'WAR', 'VIE', 'TRI', 'SER', 'BUD', 'SWE', 'RUM', 'SMY'], 'TURKEY': ['ANK', 'CON', 'BUL', 'GRE', 'TUN', 'NAP', 'ROM']}, 'homes': {'AUSTRIA': ['BUD', 'TRI', 'VIE'], 'ENGLAND': ['EDI', 'LON', 'LVP'], 'FRANCE': ['BRE', 'MAR', 'PAR'], 'GERMANY': ['BER', 'KIE', 'MUN'], 'ITALY': ['NAP', 'ROM', 'VEN'], 'RUSSIA': ['MOS', 'SEV', 'STP', 'WAR'], 'TURKEY': ['ANK', 'CON', 'SMY']}, 'influence': {'AUSTRIA': ['ALB'], 'ENGLAND': ['YOR', 'LON', 'NTH', 'IRI', 'EDI', 'MAO', 'ENG'], 'FRANCE': ['LYO', 'POR', 'NAO', 'SPA', 'LVP', 'CLY'], 'GERMANY': ['BAL', 'SKA', 'DEN', 'BER', 'MUN', 'RUH', 'MAR', 'GAS', 'HOL', 'KIE', 'BEL', 'PAR', 'PIC', 'BRE', 'BUR'], 'ITALY': ['VEN'], 'RUSSIA': ['MOS', 'STP', 'BOT', 'WAR', 'TRI', 'LVN', 'PRU', 'SER', 'BUD', 'FIN', 'RUM', 'UKR', 'SWE', 'VIE', 'TYR', 'GAL', 'SIL', 'ARM', 'BOH', 'SEV', 'SMY', 'NWY', 'CON'], 'TURKEY': ['APU', 'TUN', 'NAP', 'GRE', 'TYS', 'BUL', 'ADR', 'ROM', 'ION', 'PIE', 'AEG', 'ANK', 'WES', 'BLA']}, 'civil_disorder': {'AUSTRIA': 0, 'ENGLAND': 0, 'FRANCE': 0, 'GERMANY': 0, 'ITALY': 0, 'RUSSIA': 0, 'TURKEY': 0}, 'builds': {'AUSTRIA': {'count': 0, 'homes': []}, 'ENGLAND': {'count': 0, 'homes': []}, 'FRANCE': {'count': 0, 'homes': []}, 'GERMANY': {'count': 0, 'homes': []}, 'ITALY': {'count': 0, 'homes': []}, 'RUSSIA': {'count': 0, 'homes': []}, 'TURKEY': {'count': 0, 'homes': []}}, 'game_id': 'Wtvk9s8R5yKQ-Ulr', 'map': 'standard', 'rules': ['POWER_CHOICE']}","{'AUSTRIA': [], 'ENGLAND': [], 'FRANCE': [], 'GERMANY': [], 'ITALY': [], 'RUSSIA': ['F BLA R SEV'], 'TURKEY': []}","{'F BLA': [], 'A VEN': ['void']}",[]
F1915M,"{'timestamp': 1654638219295992, 'zobrist_hash': '4240920293994785704', 'note': '', 'name': 'F1915M', 'units': {'AUSTRIA': [], 'ENGLAND': ['F IRI', 'F EDI', 'F ENG'], 'FRANCE': ['F POR', 'A SPA', 'F CLY'], 'GERMANY': ['F DEN', 'A BER', 'A MUN', 'A MAR', 'A GAS', 'A KIE', 'A BRE', 'A BUR'], 'ITALY': ['A VEN'], 'RUSSIA': ['A TRI', 'A SER', 'A RUM', 'A SWE', 'A TYR', 'A GAL', 'A SIL', 'A BOH', 'A NWY', 'A CON', 'F SEV'], 'TURKEY': ['A GRE', 'A BUL', 'F ADR', 'F ROM', 'A PIE', 'F ANK', 'F BLA']}, 'retreats': {'AUSTRIA': {}, 'ENGLAND': {}, 'FRANCE': {}, 'GERMANY': {}, 'ITALY': {}, 'RUSSIA': {}, 'TURKEY': {}}, 'centers': {'AUSTRIA': [], 'ENGLAND': ['EDI', 'LON', 'NWY'], 'FRANCE': ['POR', 'SPA', 'LVP'], 'GERMANY': ['KIE', 'DEN', 'HOL', 'BEL', 'BER', 'MUN', 'PAR', 'MAR', 'BRE'], 'ITALY': ['VEN'], 'RUSSIA': ['MOS', 'SEV', 'STP', 'WAR', 'VIE', 'TRI', 'SER', 'BUD', 'SWE', 'RUM', 'SMY'], 'TURKEY': ['ANK', 'CON', 'BUL', 'GRE', 'TUN', 'NAP', 'ROM']}, 'homes': {'AUSTRIA': ['BUD', 'TRI', 'VIE'], 'ENGLAND': ['EDI', 'LON', 'LVP'], 'FRANCE': ['BRE', 'MAR', 'PAR'], 'GERMANY': ['BER', 'KIE', 'MUN'], 'ITALY': ['NAP', 'ROM', 'VEN'], 'RUSSIA': ['MOS', 'SEV', 'STP', 'WAR'], 'TURKEY': ['ANK', 'CON', 'SMY']}, 'influence': {'AUSTRIA': ['ALB'], 'ENGLAND': ['YOR', 'LON', 'NTH', 'IRI', 'EDI', 'MAO', 'ENG'], 'FRANCE': ['LYO', 'POR', 'NAO', 'SPA', 'LVP', 'CLY'], 'GERMANY': ['BAL', 'SKA', 'DEN', 'BER', 'MUN', 'RUH', 'MAR', 'GAS', 'HOL', 'KIE', 'BEL', 'PAR', 'PIC', 'BRE', 'BUR'], 'ITALY': ['VEN'], 'RUSSIA': ['MOS', 'STP', 'BOT', 'WAR', 'TRI', 'LVN', 'PRU', 'SER', 'BUD', 'FIN', 'RUM', 'UKR', 'SWE', 'VIE', 'TYR', 'GAL', 'SIL', 'ARM', 'BOH', 'SMY', 'NWY', 'CON', 'SEV'], 'TURKEY': ['APU', 'TUN', 'NAP', 'GRE', 'TYS', 'BUL', 'ADR', 'ROM', 'ION', 'PIE', 'AEG', 'ANK', 'WES', 'BLA']}, 'civil_disorder': {'AUSTRIA': 0, 'ENGLAND': 0, 'FRANCE': 0, 'GERMANY': 0, 'ITALY': 0, 'RUSSIA': 0, 'TURKEY': 0}, 'builds': {'AUSTRIA': {'count': 0, 'homes': []}, 'ENGLAND': {'count': 0, 'homes': []}, 'FRANCE': {'count': 0, 'homes': []}, 'GERMANY': {'count': 0, 'homes': []}, 'ITALY': {'count': 0, 'homes': []}, 'RUSSIA': {'count': 0, 'homes': []}, 'TURKEY': {'count': 0, 'homes': []}}, 'game_id': 'Wtvk9s8R5yKQ-Ulr', 'map': 'standard', 'rules': ['POWER_CHOICE']}","{'AUSTRIA': [], 'ENGLAND': ['F EDI - CLY', 'F ENG - BEL', 'F IRI - LVP'], 'FRANCE': ['F CLY - LVP', 'F POR S A SPA', 'A SPA S A PIE - MAR'], 'GERMANY': ['F DEN - SWE', 'A BRE S A GAS', 'A BUR S A MUN', 'A KIE - DEN', 'A GAS - SPA', 'A MAR S A GAS - SPA', 'A MUN S A BER', 'A BER S A MUN'], 'ITALY': ['A VEN S A TRI - APU'], 'RUSSIA': ['A NWY S A SWE', 'A SWE - DEN', 'A BOH - MUN', 'A SIL S A BOH - MUN', 'A TYR - VEN', 'F SEV - BLA', 'A GAL - RUM', 'A TRI S A TYR - VEN', 'A RUM - BUL', 'A SER S A RUM - BUL', 'A CON S A RUM - BUL'], 'TURKEY': ['A PIE - VEN', 'F ROM H', 'F BLA - CON', 'F ADR S A PIE - VEN', 'A GRE - SER', 'F ANK S F BLA - CON', 'A BUL S F BLA - CON']}","{'F IRI': ['bounce'], 'F EDI': ['bounce'], 'F ENG': [], 'F POR': [], 'A SPA': ['void'], 'F CLY': ['bounce'], 'F DEN': ['bounce'], 'A BER': [], 'A MUN': ['cut'], 'A MAR': [], 'A GAS': ['bounce'], 'A KIE': ['bounce'], 'A BRE': ['void'], 'A BUR': [], 'A VEN': ['void'], 'A TRI': [], 'A SER': ['cut'], 'A RUM': ['bounce'], 'A SWE': ['bounce'], 'A TYR': ['bounce'], 'A GAL': ['bounce'], 'A SIL': [], 'A BOH': ['bounce'], 'A NWY': ['void'], 'A CON': ['cut', 'dislodged'], 'F SEV': [], 'A GRE': ['bounce'], 'A BUL': ['cut'], 'F ADR': [], 'F ROM': [], 'A PIE': ['bounce'], 'F ANK': [], 'F BLA': []}","[{'sender': 'GERMANY', 'recipient': 'ENGLAND', 'time_sent': 1654638217911910, 'phase': 'F1915M', 'message': 'ORR (XDO (F ENG S F DEN - NTH)) (XDO (F IRI S F CLY - NAO))'}, {'sender': 'GERMANY', 'recipient': 'FRANCE', 'time_sent': 1654638217916888, 'phase': 'F1915M', 'message': 'ORR (XDO (F CLY - LVP)) (XDO (F POR - SPA/NC)) (XDO (A SPA H))'}, {'sender': 'GERMANY', 'recipient': 'ITALY', 'time_sent': 1654638217920188, 'phase': 'F1915M', 'message': 'XDO (A VEN S A TRI - APU)'}, {'sender': 'GERMANY', 'recipient': 'RUSSIA', 'time_sent': 1654638217929100, 'phase': 'F1915M', 'message': 'ORR (XDO (A BOH H)) (XDO (A CON S F BLA - BUL)) (XDO (A GAL S A BOH - VIE)) (XDO (A NWY H)) (XDO (A RUM S F BLA - BUL/EC)) (XDO (A SER S A VEN - ALB)) (XDO (F SEV S F BLA - RUM)) (XDO (A SIL - WAR)) (XDO (A SWE S A KIE - DEN)) (XDO (A TRI S A GAL - BUD)) (XDO (A TYR S A TRI - VIE))'}, {'sender': 'GERMANY', 'recipient': 'TURKEY', 'time_sent': 1654638217934985, 'phase': 'F1915M', 'message': 'ORR (XDO (F ADR - TRI)) (XDO (F ANK - BLA)) (XDO (F BLA C A CON - RUM)) (XDO (A BUL S F ANK - CON)) (XDO (A GRE S A RUM - SER)) (XDO (A PIE S A VEN - TYR)) (XDO (F ROM S A VEN - TUS))'}, {'sender': 'ITALY', 'recipient': 'GERMANY', 'time_sent': 1654638217935154, 'phase': 'F1915M', 'message': 'YES (XDO (A VEN S A TRI - APU))'}]"
F1915R,"{'timestamp': 1654638219851563, 'zobrist_hash': '4354565962727783040', 'note': '', 'name': 'F1915R', 'units': {'AUSTRIA': [], 'ENGLAND': ['F IRI', 'F EDI', 'F BEL'], 'FRANCE': ['F POR', 'A SPA', 'F CLY'], 'GERMANY': ['F DEN', 'A BER', 'A MUN', 'A MAR', 'A GAS', 'A KIE', 'A BRE', 'A BUR'], 'ITALY': ['A VEN'], 'RUSSIA': ['A TRI', 'A SER', 'A RUM', 'A SWE', 'A TYR', 'A GAL', 'A SIL', 'A BOH', 'A NWY', 'F BLA', '*A CON'], 'TURKEY': ['A GRE', 'A BUL', 'F ADR', 'F ROM', 'A PIE', 'F ANK', 'F CON']}, 'retreats': {'AUSTRIA': {}, 'ENGLAND': {}, 'FRANCE': {}, 'GERMANY': {}, 'ITALY': {}, 'RUSSIA': {'A CON': ['SMY']}, 'TURKEY': {}}, 'centers': {'AUSTRIA': [], 'ENGLAND': ['EDI', 'LON', 'NWY'], 'FRANCE': ['POR', 'SPA', 'LVP'], 'GERMANY': ['KIE', 'DEN', 'HOL', 'BEL', 'BER', 'MUN', 'PAR', 'MAR', 'BRE'], 'ITALY': ['VEN'], 'RUSSIA': ['MOS', 'SEV', 'STP', 'WAR', 'VIE', 'TRI', 'SER', 'BUD', 'SWE', 'RUM', 'SMY'], 'TURKEY': ['ANK', 'CON', 'BUL', 'GRE', 'TUN', 'NAP', 'ROM']}, 'homes': {'AUSTRIA': ['BUD', 'TRI', 'VIE'], 'ENGLAND': ['EDI', 'LON', 'LVP'], 'FRANCE': ['BRE', 'MAR', 'PAR'], 'GERMANY': ['BER', 'KIE', 'MUN'], 'ITALY': ['NAP', 'ROM', 'VEN'], 'RUSSIA': ['MOS', 'SEV', 'STP', 'WAR'], 'TURKEY': ['ANK', 'CON', 'SMY']}, 'influence': {'AUSTRIA': ['ALB'], 'ENGLAND': ['YOR', 'LON', 'NTH', 'IRI', 'EDI', 'MAO', 'ENG', 'BEL'], 'FRANCE': ['LYO', 'POR', 'NAO', 'SPA', 'LVP', 'CLY'], 'GERMANY': ['BAL', 'SKA', 'DEN', 'BER', 'MUN', 'RUH', 'MAR', 'GAS', 'HOL', 'KIE', 'PAR', 'PIC', 'BRE', 'BUR'], 'ITALY': ['VEN'], 'RUSSIA': ['MOS', 'STP', 'BOT', 'WAR', 'TRI', 'LVN', 'PRU', 'SER', 'BUD', 'FIN', 'RUM', 'UKR', 'SWE', 'VIE', 'TYR', 'GAL', 'SIL', 'ARM', 'BOH', 'SMY', 'NWY', 'SEV', 'BLA'], 'TURKEY': ['APU', 'TUN', 'NAP', 'GRE', 'TYS', 'BUL', 'ADR', 'ROM', 'ION', 'PIE', 'AEG', 'ANK', 'WES', 'CON']}, 'civil_disorder': {'AUSTRIA': 0, 'ENGLAND': 0, 'FRANCE': 0, 'GERMANY': 0, 'ITALY': 0, 'RUSSIA': 0, 'TURKEY': 0}, 'builds': {'AUSTRIA': {'count': 0, 'homes': []}, 'ENGLAND': {'count': 0, 'homes': []}, 'FRANCE': {'count': 0, 'homes': []}, 'GERMANY': {'count': 0, 'homes': []}, 'ITALY': {'count': 0, 'homes': []}, 'RUSSIA': {'count': 0, 'homes': []}, 'TURKEY': {'count': 0, 'homes': []}}, 'game_id': 'Wtvk9s8R5yKQ-Ulr', 'map': 'standard', 'rules': ['POWER_CHOICE']}","{'AUSTRIA': [], 'ENGLAND': [], 'FRANCE': [], 'GERMANY': [], 'ITALY': [], 'RUSSIA': ['A CON R SMY'], 'TURKEY': []}","{'A CON': [], 'A VEN': ['void']}",[]
W1915A,"{'timestamp': 1654638220405794, 'zobrist_hash': '4795006825626664432', 'note': '', 'name': 'W1915A', 'units': {'AUSTRIA': [], 'ENGLAND': ['F IRI', 'F EDI', 'F BEL'], 'FRANCE': ['F POR', 'A SPA', 'F CLY'], 'GERMANY': ['F DEN', 'A BER', 'A MUN', 'A MAR', 'A GAS', 'A KIE', 'A BRE', 'A BUR'], 'ITALY': ['A VEN'], 'RUSSIA': ['A TRI', 'A SER', 'A RUM', 'A SWE', 'A TYR', 'A GAL', 'A SIL', 'A BOH', 'A NWY', 'F BLA', 'A SMY'], 'TURKEY': ['A GRE', 'A BUL', 'F ADR', 'F ROM', 'A PIE', 'F ANK', 'F CON']}, 'retreats': {'AUSTRIA': {}, 'ENGLAND': {}, 'FRANCE': {}, 'GERMANY': {}, 'ITALY': {}, 'RUSSIA': {}, 'TURKEY': {}}, 'centers': {'AUSTRIA': [], 'ENGLAND': ['EDI', 'LON', 'BEL'], 'FRANCE': ['POR', 'SPA', 'LVP'], 'GERMANY': ['KIE', 'DEN', 'HOL', 'BER', 'MUN', 'PAR', 'MAR', 'BRE'], 'ITALY': ['VEN'], 'RUSSIA': ['MOS', 'SEV', 'STP', 'WAR', 'VIE', 'TRI', 'SER', 'BUD', 'SWE', 'RUM', 'SMY', 'NWY'], 'TURKEY': ['ANK', 'CON', 'BUL', 'GRE', 'TUN', 'NAP', 'ROM']}, 'homes': {'AUSTRIA': ['BUD', 'TRI', 'VIE'], 'ENGLAND': ['EDI', 'LON', 'LVP'], 'FRANCE': ['BRE', 'MAR', 'PAR'], 'GERMANY': ['BER', 'KIE', 'MUN'], 'ITALY': ['NAP', 'ROM', 'VEN'], 'RUSSIA': ['MOS', 'SEV', 'STP', 'WAR'], 'TURKEY': ['ANK', 'CON', 'SMY']}, 'influence': {'AUSTRIA': ['ALB'], 'ENGLAND': ['YOR', 'LON', 'NTH', 'IRI', 'EDI', 'MAO', 'ENG', 'BEL'], 'FRANCE': ['LYO', 'POR', 'NAO', 'SPA', 'LVP', 'CLY'], 'GERMANY': ['BAL', 'SKA', 'DEN', 'BER', 'MUN', 'RUH', 'MAR', 'GAS', 'HOL', 'KIE', 'PAR', 'PIC', 'BRE', 'BUR'], 'ITALY': ['VEN'], 'RUSSIA': ['MOS', 'STP', 'BOT', 'WAR', 'TRI', 'LVN', 'PRU', 'SER', 'BUD', 'FIN', 'RUM', 'UKR', 'SWE', 'VIE', 'TYR', 'GAL', 'SIL', 'ARM', 'BOH', 'NWY', 'SEV', 'BLA', 'SMY'], 'TURKEY': ['APU', 'TUN', 'NAP', 'GRE', 'TYS', 'BUL', 'ADR', 'ROM', 'ION', 'PIE', 'AEG', 'ANK', 'WES', 'CON']}, 'civil_disorder': {'AUSTRIA': 0, 'ENGLAND': 0, 'FRANCE': 0, 'GERMANY': 0, 'ITALY': 0, 'RUSSIA': 0, 'TURKEY': 0}, 'builds': {'AUSTRIA': {'count': 0, 'homes': []}, 'ENGLAND': {'count': 0, 'homes': []}, 'FRANCE': {'count': 0, 'homes': []}, 'GERMANY': {'count': 0, 'homes': []}, 'ITALY': {'count': 0, 'homes': []}, 'RUSSIA': {'count': 1, 'homes': ['MOS', 'SEV', 'STP', 'WAR']}, 'TURKEY': {'count': 0, 'homes': []}}, 'game_id': 'Wtvk9s8R5yKQ-Ulr', 'map': 'standard', 'rules': ['POWER_CHOICE']}","{'AUSTRIA': [], 'ENGLAND': [], 'FRANCE': [], 'GERMANY': [], 'ITALY': [], 'RUSSIA': ['F SEV B'], 'TURKEY': []}","{'A VEN': ['void'], 'F SEV': ['']}",[]
S1916M,"{'timestamp': 1654638222097475, 'zobrist_hash': '1779702874097882625', 'note': '', 'name': 'S1916M', 'units': {'AUSTRIA': [], 'ENGLAND': ['F IRI', 'F EDI', 'F BEL'], 'FRANCE': ['F POR', 'A SPA', 'F CLY'], 'GERMANY': ['F DEN', 'A BER', 'A MUN', 'A MAR', 'A GAS', 'A KIE', 'A BRE', 'A BUR'], 'ITALY': ['A VEN'], 'RUSSIA': ['A TRI', 'A SER', 'A RUM', 'A SWE', 'A TYR', 'A GAL', 'A SIL', 'A BOH', 'A NWY', 'F BLA', 'A SMY', 'F SEV'], 'TURKEY': ['A GRE', 'A BUL', 'F ADR', 'F ROM', 'A PIE', 'F ANK', 'F CON']}, 'retreats': {'AUSTRIA': {}, 'ENGLAND': {}, 'FRANCE': {}, 'GERMANY': {}, 'ITALY': {}, 'RUSSIA': {}, 'TURKEY': {}}, 'centers': {'AUSTRIA': [], 'ENGLAND': ['EDI', 'LON', 'BEL'], 'FRANCE': ['POR', 'SPA', 'LVP'], 'GERMANY': ['KIE', 'DEN', 'HOL', 'BER', 'MUN', 'PAR', 'MAR', 'BRE'], 'ITALY': ['VEN'], 'RUSSIA': ['MOS', 'SEV', 'STP', 'WAR', 'VIE', 'TRI', 'SER', 'BUD', 'SWE', 'RUM', 'SMY', 'NWY'], 'TURKEY': ['ANK', 'CON', 'BUL', 'GRE', 'TUN', 'NAP', 'ROM']}, 'homes': {'AUSTRIA': ['BUD', 'TRI', 'VIE'], 'ENGLAND': ['EDI', 'LON', 'LVP'], 'FRANCE': ['BRE', 'MAR', 'PAR'], 'GERMANY': ['BER', 'KIE', 'MUN'], 'ITALY': ['NAP', 'ROM', 'VEN'], 'RUSSIA': ['MOS', 'SEV', 'STP', 'WAR'], 'TURKEY': ['ANK', 'CON', 'SMY']}, 'influence': {'AUSTRIA': ['ALB'], 'ENGLAND': ['YOR', 'LON', 'NTH', 'IRI', 'EDI', 'MAO', 'ENG', 'BEL'], 'FRANCE': ['LYO', 'POR', 'NAO', 'SPA', 'LVP', 'CLY'], 'GERMANY': ['BAL', 'SKA', 'DEN', 'BER', 'MUN', 'RUH', 'MAR', 'GAS', 'HOL', 'KIE', 'PAR', 'PIC', 'BRE', 'BUR'], 'ITALY': ['VEN'], 'RUSSIA': ['MOS', 'STP', 'BOT', 'WAR', 'TRI', 'LVN', 'PRU', 'SER', 'BUD', 'FIN', 'RUM', 'UKR', 'SWE', 'VIE', 'TYR', 'GAL', 'SIL', 'ARM', 'BOH', 'NWY', 'SEV', 'BLA', 'SMY'], 'TURKEY': ['APU', 'TUN', 'NAP', 'GRE', 'TYS', 'BUL', 'ADR', 'ROM', 'ION', 'PIE', 'AEG', 'ANK', 'WES', 'CON']}, 'civil_disorder': {'AUSTRIA': 0, 'ENGLAND': 0, 'FRANCE': 0, 'GERMANY': 0, 'ITALY': 0, 'RUSSIA': 0, 'TURKEY': 0}, 'builds': {'AUSTRIA': {'count': 0, 'homes': []}, 'ENGLAND': {'count': 0, 'homes': []}, 'FRANCE': {'count': 0, 'homes': []}, 'GERMANY': {'count': 0, 'homes': []}, 'ITALY': {'count': 0, 'homes': []}, 'RUSSIA': {'count': 0, 'homes': []}, 'TURKEY': {'count': 0, 'homes': []}}, 'game_id': 'Wtvk9s8R5yKQ-Ulr', 'map': 'standard', 'rules': ['POWER_CHOICE']}","{'AUSTRIA': [], 'ENGLAND': ['F EDI - CLY', 'F IRI - MAO', 'F BEL - HOL'], 'FRANCE': ['F CLY - LVP', 'F POR S A SPA', 'A SPA S A PIE - MAR'], 'GERMANY': ['F DEN - SKA', 'A BRE - PIC', 'A BUR - BEL', 'A KIE - DEN', 'A GAS - SPA', 'A MAR S A GAS - SPA', 'A MUN S A BER - SIL', 'A BER - SIL'], 'ITALY': ['A VEN S A TRI'], 'RUSSIA': ['A NWY - SWE', 'A SWE - DEN', 'A BOH - MUN', 'A SIL S A BOH - MUN', 'A TYR - VEN', 'F SEV - ARM', 'A GAL - RUM', 'A TRI S A TYR - VEN', 'F BLA S A RUM - BUL', 'A RUM - BUL', 'A SER S A RUM - BUL', 'A SMY - CON'], 'TURKEY': ['A PIE - VEN', 'F ROM H', 'F ADR S A PIE - VEN', 'A GRE - SER', 'F ANK S F CON', 'A BUL S A GRE - SER', 'F CON S A BUL']}","{'F IRI': [], 'F EDI': [], 'F BEL': [], 'F POR': [], 'A SPA': ['void'], 'F CLY': [], 'F DEN': [], 'A BER': ['bounce'], 'A MUN': ['cut'], 'A MAR': [], 'A GAS': ['bounce'], 'A KIE': ['bounce'], 'A BRE': [], 'A BUR': [], 'A VEN': ['cut'], 'A TRI': [], 'A SER': ['cut'], 'A RUM': [], 'A SWE': ['bounce'], 'A TYR': ['bounce'], 'A GAL': [], 'A SIL': ['cut'], 'A BOH': ['bounce'], 'A NWY': ['bounce'], 'F BLA': [], 'A SMY': ['bounce'], 'F SEV': [], 'A GRE': ['bounce'], 'A BUL': ['cut', 'dislodged'], 'F ADR': [], 'F ROM': [], 'A PIE': ['bounce'], 'F ANK': [], 'F CON': ['cut']}","[{'sender': 'GERMANY', 'recipient': 'ENGLAND', 'time_sent': 1654638220711700, 'phase': 'S1916M', 'message': 'ORR (XDO (F BEL - PIC)) (XDO (F EDI S F CLY - NWG)) (XDO (F IRI - WAL))'}, {'sender': 'GERMANY', 'recipient': 'FRANCE', 'time_sent': 1654638220717248, 'phase': 'S1916M', 'message': 'ORR (XDO (F CLY - NWG)) (XDO (A SPA H))'}, {'sender': 'GERMANY', 'recipient': 'ITALY', 'time_sent': 1654638220720223, 'phase': 'S1916M', 'message': 'XDO (A VEN S A TRI)'}, {'sender': 'GERMANY', 'recipient': 'RUSSIA', 'time_sent': 1654638220731620, 'phase': 'S1916M', 'message': 'ORR (XDO (F BLA S F ANK - CON)) (XDO (A BOH - GAL)) (XDO (A GAL S A SIL)) (XDO (A NWY S F DEN - SWE)) (XDO (A RUM S A SER - BUD)) (XDO (F SEV S A BUL - ARM)) (XDO (A SMY S F BLA - ARM)) (XDO (A SWE S A NWY - FIN)) (XDO (A TRI S A GAL - BUD)) (XDO (A TYR S A SER - TRI))'}, {'sender': 'GERMANY', 'recipient': 'TURKEY', 'time_sent': 1654638220737539, 'phase': 'S1916M', 'message': 'ORR (XDO (F ADR S A TRI - VEN)) (XDO (F ANK - BLA)) (XDO (A BUL - CON VIA)) (XDO (F CON - SMY)) (XDO (A GRE S F ADR - ALB)) (XDO (A PIE S A VEN - TYR)) (XDO (F ROM S A VEN - TUS))'}, {'sender': 'ITALY', 'recipient': 'GERMANY', 'time_sent': 1654638220737728, 'phase': 'S1916M', 'message': 'YES (XDO (A VEN S A TRI))'}]"
F1916M,"{'timestamp': 1654638223788077, 'zobrist_hash': '4501053068357172436', 'note': '', 'name': 'F1916M', 'units': {'AUSTRIA': [], 'ENGLAND': ['F MAO', 'F CLY', 'F HOL'], 'FRANCE': ['F POR', 'A SPA', 'F LVP'], 'GERMANY': ['A BER', 'A MUN', 'A MAR', 'A GAS', 'A KIE', 'F SKA', 'A PIC', 'A BEL'], 'ITALY': ['A VEN'], 'RUSSIA': ['A TRI', 'A SER', 'A SWE', 'A TYR', 'A SIL', 'A BOH', 'A NWY', 'F BLA', 'A SMY', 'A BUL', 'A RUM', 'F ARM'], 'TURKEY': ['A GRE', 'F ADR', 'F ROM', 'A PIE', 'F ANK', 'F CON']}, 'retreats': {'AUSTRIA': {}, 'ENGLAND': {}, 'FRANCE': {}, 'GERMANY': {}, 'ITALY': {}, 'RUSSIA': {}, 'TURKEY': {}}, 'centers': {'AUSTRIA': [], 'ENGLAND': ['EDI', 'LON', 'BEL'], 'FRANCE': ['POR', 'SPA', 'LVP'], 'GERMANY': ['KIE', 'DEN', 'HOL', 'BER', 'MUN', 'PAR', 'MAR', 'BRE'], 'ITALY': ['VEN'], 'RUSSIA': ['MOS', 'SEV', 'STP', 'WAR', 'VIE', 'TRI', 'SER', 'BUD', 'SWE', 'RUM', 'SMY', 'NWY'], 'TURKEY': ['ANK', 'CON', 'BUL', 'GRE', 'TUN', 'NAP', 'ROM']}, 'homes': {'AUSTRIA': ['BUD', 'TRI', 'VIE'], 'ENGLAND': ['EDI', 'LON', 'LVP'], 'FRANCE': ['BRE', 'MAR', 'PAR'], 'GERMANY': ['BER', 'KIE', 'MUN'], 'ITALY': ['NAP', 'ROM', 'VEN'], 'RUSSIA': ['MOS', 'SEV', 'STP', 'WAR'], 'TURKEY': ['ANK', 'CON', 'SMY']}, 'influence': {'AUSTRIA': ['ALB'], 'ENGLAND': ['YOR', 'LON', 'NTH', 'IRI', 'EDI', 'ENG', 'MAO', 'CLY', 'HOL'], 'FRANCE': ['LYO', 'POR', 'NAO', 'SPA', 'LVP'], 'GERMANY': ['BAL', 'DEN', 'BER', 'MUN', 'RUH', 'MAR', 'GAS', 'KIE', 'PAR', 'BRE', 'BUR', 'SKA', 'PIC', 'BEL'], 'ITALY': ['VEN'], 'RUSSIA': ['MOS', 'STP', 'BOT', 'WAR', 'TRI', 'LVN', 'PRU', 'SER', 'BUD', 'FIN', 'UKR', 'SWE', 'VIE', 'TYR', 'GAL', 'SIL', 'BOH', 'NWY', 'SEV', 'BLA', 'SMY', 'BUL', 'RUM', 'ARM'], 'TURKEY': ['APU', 'TUN', 'NAP', 'GRE', 'TYS', 'ADR', 'ROM', 'ION', 'PIE', 'AEG', 'ANK', 'WES', 'CON']}, 'civil_disorder': {'AUSTRIA': 0, 'ENGLAND': 0, 'FRANCE': 0, 'GERMANY': 0, 'ITALY': 0, 'RUSSIA': 0, 'TURKEY': 0}, 'builds': {'AUSTRIA': {'count': 0, 'homes': []}, 'ENGLAND': {'count': 0, 'homes': []}, 'FRANCE': {'count': 0, 'homes': []}, 'GERMANY': {'count': 0, 'homes': []}, 'ITALY': {'count': 0, 'homes': []}, 'RUSSIA': {'count': 0, 'homes': []}, 'TURKEY': {'count': 0, 'homes': []}}, 'game_id': 'Wtvk9s8R5yKQ-Ulr', 'map': 'standard', 'rules': ['POWER_CHOICE']}","{'AUSTRIA': [], 'ENGLAND': ['F CLY - LVP', 'F HOL - KIE', 'F MAO - BRE'], 'FRANCE': ['F LVP H', 'F POR S A SPA', 'A SPA S A PIE - MAR'], 'GERMANY': ['A BEL S A KIE - HOL', 'F SKA - DEN', 'A PIC - BRE', 'A KIE - HOL', 'A GAS - SPA', 'A MAR S A GAS - SPA', 'A MUN S A BER', 'A BER S A MUN'], 'ITALY': ['A VEN S A TRI'], 'RUSSIA': ['A NWY S A SWE', 'A SWE - DEN', 'A BOH - MUN', 'A SIL S A BOH - MUN', 'A TYR - VEN', 'A TRI S A TYR - VEN', 'F ARM - ANK', 'F BLA S F ARM - ANK', 'A RUM - BUL', 'A SER - GRE', 'A SMY S F ARM - ANK', 'A BUL S A SER - GRE'], 'TURKEY': ['A PIE - VEN', 'F ROM H', 'F ADR S A PIE - VEN', 'A GRE S F CON - BUL', 'F ANK S F CON', 'F CON S F ANK']}","{'F MAO': ['bounce'], 'F CLY': ['bounce'], 'F HOL': ['bounce', 'dislodged'], 'F POR': [], 'A SPA': ['void'], 'F LVP': [], 'A BER': [], 'A MUN': ['cut'], 'A MAR': [], 'A GAS': ['bounce'], 'A KIE': [], 'F SKA': ['bounce'], 'A PIC': ['bounce'], 'A BEL': [], 'A VEN': ['cut'], 'A TRI': [], 'A SER': [], 'A SWE': ['bounce'], 'A TYR': ['bounce'], 'A SIL': [], 'A BOH': ['bounce'], 'A NWY': ['void'], 'F BLA': [], 'A SMY': [], 'A BUL': [], 'A RUM': ['bounce'], 'F ARM': [], 'A GRE': ['void', 'dislodged'], 'F ADR': [], 'F ROM': [], 'A PIE': ['bounce'], 'F ANK': ['cut', 'dislodged'], 'F CON': []}","[{'sender': 'GERMANY', 'recipient': 'ENGLAND', 'time_sent': 1654638222404698, 'phase': 'F1916M', 'message': 'ORR (XDO (F CLY - LVP)) (XDO (F HOL S A MUN - KIE)) (XDO (F MAO - POR))'}, {'sender': 'GERMANY', 'recipient': 'FRANCE', 'time_sent': 1654638222409774, 'phase': 'F1916M', 'message': 'ORR (XDO (F LVP S F CLY - NAO)) (XDO (F POR - SPA/NC)) (XDO (A SPA S A GAS - POR))'}, {'sender': 'GERMANY', 'recipient': 'ITALY', 'time_sent': 1654638222412417, 'phase': 'F1916M', 'message': 'XDO (A VEN S A TRI)'}, {'sender': 'GERMANY', 'recipient': 'RUSSIA', 'time_sent': 1654638222422013, 'phase': 'F1916M', 'message': 'ORR (XDO (F ARM - SEV)) (XDO (F BLA S A BUL - CON)) (XDO (A BOH H)) (XDO (A BUL S F ANK - CON)) (XDO (A NWY - DEN VIA)) (XDO (A RUM S A SER - BUD)) (XDO (A SER S A VEN - ALB)) (XDO (A SIL H)) (XDO (A SMY S F CON - ANK)) (XDO (A SWE - NWY VIA)) (XDO (A TRI S A VEN)) (XDO (A TYR S A TRI - VIE))'}, {'sender': 'GERMANY', 'recipient': 'TURKEY', 'time_sent': 1654638222427789, 'phase': 'F1916M', 'message': 'ORR (XDO (F ADR S A VEN - APU)) (XDO (F ANK S A BUL - CON)) (XDO (F CON S F ARM - BLA)) (XDO (A GRE S F ADR - ALB)) (XDO (A PIE S A VEN - TYR)) (XDO (F ROM - TUS))'}, {'sender': 'ITALY', 'recipient': 'GERMANY', 'time_sent': 1654638222427955, 'phase': 'F1916M', 'message': 'YES (XDO (A VEN S A TRI))'}]"
F1916R,"{'timestamp': 1654638224606195, 'zobrist_hash': '2166523728736108008', 'note': '', 'name': 'F1916R', 'units': {'AUSTRIA': [], 'ENGLAND': ['F MAO', 'F CLY', '*F HOL'], 'FRANCE': ['F POR', 'A SPA', 'F LVP'], 'GERMANY': ['A BER', 'A MUN', 'A MAR', 'A GAS', 'F SKA', 'A PIC', 'A BEL', 'A HOL'], 'ITALY': ['A VEN'], 'RUSSIA': ['A TRI', 'A SWE', 'A TYR', 'A SIL', 'A BOH', 'A NWY', 'F BLA', 'A SMY', 'A BUL', 'A RUM', 'A GRE', 'F ANK'], 'TURKEY': ['F ADR', 'F ROM', 'A PIE', 'F CON', '*A GRE']}, 'retreats': {'AUSTRIA': {}, 'ENGLAND': {'F HOL': ['HEL', 'NTH']}, 'FRANCE': {}, 'GERMANY': {}, 'ITALY': {}, 'RUSSIA': {}, 'TURKEY': {'A GRE': ['ALB']}}, 'centers': {'AUSTRIA': [], 'ENGLAND': ['EDI', 'LON', 'BEL'], 'FRANCE': ['POR', 'SPA', 'LVP'], 'GERMANY': ['KIE', 'DEN', 'HOL', 'BER', 'MUN', 'PAR', 'MAR', 'BRE'], 'ITALY': ['VEN'], 'RUSSIA': ['MOS', 'SEV', 'STP', 'WAR', 'VIE', 'TRI', 'SER', 'BUD', 'SWE', 'RUM', 'SMY', 'NWY'], 'TURKEY': ['ANK', 'CON', 'BUL', 'GRE', 'TUN', 'NAP', 'ROM']}, 'homes': {'AUSTRIA': ['BUD', 'TRI', 'VIE'], 'ENGLAND': ['EDI', 'LON', 'LVP'], 'FRANCE': ['BRE', 'MAR', 'PAR'], 'GERMANY': ['BER', 'KIE', 'MUN'], 'ITALY': ['NAP', 'ROM', 'VEN'], 'RUSSIA': ['MOS', 'SEV', 'STP', 'WAR'], 'TURKEY': ['ANK', 'CON', 'SMY']}, 'influence': {'AUSTRIA': ['ALB'], 'ENGLAND': ['YOR', 'LON', 'NTH', 'IRI', 'EDI', 'ENG', 'MAO', 'CLY'], 'FRANCE': ['LYO', 'POR', 'NAO', 'SPA', 'LVP'], 'GERMANY': ['BAL', 'DEN', 'BER', 'MUN', 'RUH', 'MAR', 'GAS', 'KIE', 'PAR', 'BRE', 'BUR', 'SKA', 'PIC', 'BEL', 'HOL'], 'ITALY': ['VEN'], 'RUSSIA': ['MOS', 'STP', 'BOT', 'WAR', 'TRI', 'LVN', 'PRU', 'SER', 'BUD', 'FIN', 'UKR', 'SWE', 'VIE', 'TYR', 'GAL', 'SIL', 'BOH', 'NWY', 'SEV', 'BLA', 'SMY', 'BUL', 'RUM', 'ARM', 'GRE', 'ANK'], 'TURKEY': ['APU', 'TUN', 'NAP', 'TYS', 'ADR', 'ROM', 'ION', 'PIE', 'AEG', 'WES', 'CON']}, 'civil_disorder': {'AUSTRIA': 0, 'ENGLAND': 0, 'FRANCE': 0, 'GERMANY': 0, 'ITALY': 0, 'RUSSIA': 0, 'TURKEY': 0}, 'builds': {'AUSTRIA': {'count': 0, 'homes': []}, 'ENGLAND': {'count': 0, 'homes': []}, 'FRANCE': {'count': 0, 'homes': []}, 'GERMANY': {'count': 0, 'homes': []}, 'ITALY': {'count': 0, 'homes': []}, 'RUSSIA': {'count': 0, 'homes': []}, 'TURKEY': {'count': 0, 'homes': []}}, 'game_id': 'Wtvk9s8R5yKQ-Ulr', 'map': 'standard', 'rules': ['POWER_CHOICE']}","{'AUSTRIA': [], 'ENGLAND': ['F HOL R NTH'], 'FRANCE': [], 'GERMANY': [], 'ITALY': [], 'RUSSIA': [], 'TURKEY': ['A GRE R ALB']}","{'F HOL': [], 'A GRE': [], 'A VEN': ['void'], 'F ANK': ['disband']}",[]
W1916A,"{'timestamp': 1654638225958284, 'zobrist_hash': '5428161465547820525', 'note': '', 'name': 'W1916A', 'units': {'AUSTRIA': [], 'ENGLAND': ['F MAO', 'F CLY', 'F NTH'], 'FRANCE': ['F POR', 'A SPA', 'F LVP'], 'GERMANY': ['A BER', 'A MUN', 'A MAR', 'A GAS', 'F SKA', 'A PIC', 'A BEL', 'A HOL'], 'ITALY': ['A VEN'], 'RUSSIA': ['A TRI', 'A SWE', 'A TYR', 'A SIL', 'A BOH', 'A NWY', 'F BLA', 'A SMY', 'A BUL', 'A RUM', 'A GRE', 'F ANK'], 'TURKEY': ['F ADR', 'F ROM', 'A PIE', 'F CON', 'A ALB']}, 'retreats': {'AUSTRIA': {}, 'ENGLAND': {}, 'FRANCE': {}, 'GERMANY': {}, 'ITALY': {}, 'RUSSIA': {}, 'TURKEY': {}}, 'centers': {'AUSTRIA': [], 'ENGLAND': ['EDI', 'LON'], 'FRANCE': ['POR', 'SPA', 'LVP'], 'GERMANY': ['KIE', 'DEN', 'HOL', 'BER', 'MUN', 'PAR', 'MAR', 'BRE', 'BEL'], 'ITALY': ['VEN'], 'RUSSIA': ['MOS', 'SEV', 'STP', 'WAR', 'VIE', 'TRI', 'SER', 'BUD', 'SWE', 'RUM', 'SMY', 'NWY', 'ANK', 'BUL', 'GRE'], 'TURKEY': ['CON', 'TUN', 'NAP', 'ROM']}, 'homes': {'AUSTRIA': ['BUD', 'TRI', 'VIE'], 'ENGLAND': ['EDI', 'LON', 'LVP'], 'FRANCE': ['BRE', 'MAR', 'PAR'], 'GERMANY': ['BER', 'KIE', 'MUN'], 'ITALY': ['NAP', 'ROM', 'VEN'], 'RUSSIA': ['MOS', 'SEV', 'STP', 'WAR'], 'TURKEY': ['ANK', 'CON', 'SMY']}, 'influence': {'AUSTRIA': [], 'ENGLAND': ['YOR', 'LON', 'IRI', 'EDI', 'ENG', 'MAO', 'CLY', 'NTH'], 'FRANCE': ['LYO', 'POR', 'NAO', 'SPA', 'LVP'], 'GERMANY': ['BAL', 'DEN', 'BER', 'MUN', 'RUH', 'MAR', 'GAS', 'KIE', 'PAR', 'BRE', 'BUR', 'SKA', 'PIC', 'BEL', 'HOL'], 'ITALY': ['VEN'], 'RUSSIA': ['MOS', 'STP', 'BOT', 'WAR', 'TRI', 'LVN', 'PRU', 'SER', 'BUD', 'FIN', 'UKR', 'SWE', 'VIE', 'TYR', 'GAL', 'SIL', 'BOH', 'NWY', 'SEV', 'BLA', 'SMY', 'BUL', 'RUM', 'ARM', 'GRE', 'ANK'], 'TURKEY': ['APU', 'TUN', 'NAP', 'TYS', 'ADR', 'ROM', 'ION', 'PIE', 'AEG', 'WES', 'CON', 'ALB']}, 'civil_disorder': {'AUSTRIA': 0, 'ENGLAND': 0, 'FRANCE': 0, 'GERMANY': 0, 'ITALY': 0, 'RUSSIA': 0, 'TURKEY': 0}, 'builds': {'AUSTRIA': {'count': 0, 'homes': []}, 'ENGLAND': {'count': -1, 'homes': []}, 'FRANCE': {'count': 0, 'homes': []}, 'GERMANY': {'count': 1, 'homes': ['KIE']}, 'ITALY': {'count': 0, 'homes': []}, 'RUSSIA': {'count': 3, 'homes': ['MOS', 'SEV', 'STP', 'WAR']}, 'TURKEY': {'count': -1, 'homes': []}}, 'game_id': 'Wtvk9s8R5yKQ-Ulr', 'map': 'standard', 'rules': ['POWER_CHOICE']}","{'AUSTRIA': [], 'ENGLAND': ['F MAO D'], 'FRANCE': [], 'GERMANY': ['F KIE B'], 'ITALY': [], 'RUSSIA': ['F STP/NC B', 'A WAR B', 'A SEV B'], 'TURKEY': ['A PIE D']}","{'F MAO': [''], 'F KIE': [''], 'A VEN': ['void'], 'F STP/NC': [''], 'A WAR': [''], 'A SEV': [''], 'A PIE': ['']}",[]
S1917M,"{'timestamp': 1654638227650348, 'zobrist_hash': '4840488705052704406', 'note': '', 'name': 'S1917M', 'units': {'AUSTRIA': [], 'ENGLAND': ['F CLY', 'F NTH'], 'FRANCE': ['F POR', 'A SPA', 'F LVP'], 'GERMANY': ['A BER', 'A MUN', 'A MAR', 'A GAS', 'F SKA', 'A PIC', 'A BEL', 'A HOL', 'F KIE'], 'ITALY': ['A VEN'], 'RUSSIA': ['A TRI', 'A SWE', 'A TYR', 'A SIL', 'A BOH', 'A NWY', 'F BLA', 'A SMY', 'A BUL', 'A RUM', 'A GRE', 'F ANK', 'F STP/NC', 'A WAR', 'A SEV'], 'TURKEY': ['F ADR', 'F ROM', 'F CON', 'A ALB']}, 'retreats': {'AUSTRIA': {}, 'ENGLAND': {}, 'FRANCE': {}, 'GERMANY': {}, 'ITALY': {}, 'RUSSIA': {}, 'TURKEY': {}}, 'centers': {'AUSTRIA': [], 'ENGLAND': ['EDI', 'LON'], 'FRANCE': ['POR', 'SPA', 'LVP'], 'GERMANY': ['KIE', 'DEN', 'HOL', 'BER', 'MUN', 'PAR', 'MAR', 'BRE', 'BEL'], 'ITALY': ['VEN'], 'RUSSIA': ['MOS', 'SEV', 'STP', 'WAR', 'VIE', 'TRI', 'SER', 'BUD', 'SWE', 'RUM', 'SMY', 'NWY', 'ANK', 'BUL', 'GRE'], 'TURKEY': ['CON', 'TUN', 'NAP', 'ROM']}, 'homes': {'AUSTRIA': ['BUD', 'TRI', 'VIE'], 'ENGLAND': ['EDI', 'LON', 'LVP'], 'FRANCE': ['BRE', 'MAR', 'PAR'], 'GERMANY': ['BER', 'KIE', 'MUN'], 'ITALY': ['NAP', 'ROM', 'VEN'], 'RUSSIA': ['MOS', 'SEV', 'STP', 'WAR'], 'TURKEY': ['ANK', 'CON', 'SMY']}, 'influence': {'AUSTRIA': [], 'ENGLAND': ['YOR', 'LON', 'IRI', 'EDI', 'ENG', 'MAO', 'CLY', 'NTH'], 'FRANCE': ['LYO', 'POR', 'NAO', 'SPA', 'LVP'], 'GERMANY': ['BAL', 'DEN', 'BER', 'MUN', 'RUH', 'MAR', 'GAS', 'KIE', 'PAR', 'BRE', 'BUR', 'SKA', 'PIC', 'BEL', 'HOL'], 'ITALY': ['VEN'], 'RUSSIA': ['MOS', 'STP', 'BOT', 'WAR', 'TRI', 'LVN', 'PRU', 'SER', 'BUD', 'FIN', 'UKR', 'SWE', 'VIE', 'TYR', 'GAL', 'SIL', 'BOH', 'NWY', 'SEV', 'BLA', 'SMY', 'BUL', 'RUM', 'ARM', 'GRE', 'ANK'], 'TURKEY': ['APU', 'TUN', 'NAP', 'TYS', 'ADR', 'ROM', 'ION', 'PIE', 'AEG', 'WES', 'CON', 'ALB']}, 'civil_disorder': {'AUSTRIA': 0, 'ENGLAND': 0, 'FRANCE': 0, 'GERMANY': 0, 'ITALY': 0, 'RUSSIA': 0, 'TURKEY': 0}, 'builds': {'AUSTRIA': {'count': 0, 'homes': []}, 'ENGLAND': {'count': 0, 'homes': []}, 'FRANCE': {'count': 0, 'homes': []}, 'GERMANY': {'count': 0, 'homes': []}, 'ITALY': {'count': 0, 'homes': []}, 'RUSSIA': {'count': 0, 'homes': []}, 'TURKEY': {'count': 0, 'homes': []}}, 'game_id': 'Wtvk9s8R5yKQ-Ulr', 'map': 'standard', 'rules': ['POWER_CHOICE']}","{'AUSTRIA': [], 'ENGLAND': ['F NTH - ENG', 'F CLY - LVP'], 'FRANCE': ['F LVP H', 'F POR S A SPA', 'A SPA S F POR'], 'GERMANY': ['A BEL - RUH', 'A HOL - KIE', 'F SKA S F KIE - DEN', 'A PIC - BEL', 'F KIE - DEN', 'A GAS - SPA', 'A MAR S A GAS - SPA', 'A MUN S A BER - SIL', 'A BER - SIL'], 'ITALY': ['A VEN S A TRI - APU'], 'RUSSIA': ['A NWY - SWE', 'A SWE - DEN', 'F STP/NC - BAR', 'A BOH S A SIL - MUN', 'A SIL - MUN', 'A TYR S A SIL - MUN', 'A WAR - PRU', 'A SEV - UKR', 'A TRI - VEN', 'F BLA - CON', 'A RUM - BUD', 'A GRE - ALB', 'F ANK S F BLA - CON', 'A SMY S F BLA - CON', 'A BUL S F BLA - CON'], 'TURKEY': ['F ROM H', 'F ADR S A ALB - TRI', 'A ALB - TRI', 'F CON - BUL/EC']}","{'F CLY': ['bounce'], 'F NTH': [], 'F POR': [], 'A SPA': ['cut'], 'F LVP': [], 'A BER': [], 'A MUN': ['cut', 'dislodged'], 'A MAR': [], 'A GAS': ['bounce'], 'F SKA': [], 'A PIC': [], 'A BEL': [], 'A HOL': [], 'F KIE': [], 'A VEN': ['void'], 'A TRI': ['bounce', 'dislodged'], 'A SWE': ['bounce'], 'A TYR': [], 'A SIL': [], 'A BOH': [], 'A NWY': ['bounce'], 'F BLA': [], 'A SMY': [], 'A BUL': [], 'A RUM': [], 'A GRE': [], 'F ANK': [], 'F STP/NC': [], 'A WAR': [], 'A SEV': [], 'F ADR': [], 'F ROM': [], 'F CON': ['bounce', 'dislodged'], 'A ALB': []}","[{'sender': 'GERMANY', 'recipient': 'ENGLAND', 'time_sent': 1654638226264046, 'phase': 'S1917M', 'message': 'ORR (XDO (F CLY - EDI)) (XDO (F NTH S A SWE - NWY))'}, {'sender': 'GERMANY', 'recipient': 'FRANCE', 'time_sent': 1654638226268417, 'phase': 'S1917M', 'message': 'ORR (XDO (F LVP - CLY)) (XDO (F POR - SPA/NC)) (XDO (A SPA S A MAR))'}, {'sender': 'GERMANY', 'recipient': 'ITALY', 'time_sent': 1654638226271680, 'phase': 'S1917M', 'message': 'XDO (A VEN S A TRI - APU)'}, {'sender': 'GERMANY', 'recipient': 'RUSSIA', 'time_sent': 1654638226286432, 'phase': 'S1917M', 'message': 'ORR (XDO (F ANK - BLA)) (XDO (F BLA S F ANK - CON)) (XDO (A BOH - GAL)) (XDO (A BUL S F ANK - CON)) (XDO (A GRE S A ALB - SER)) (XDO (A NWY - BEL VIA)) (XDO (A RUM S F BLA - BUL/EC)) (XDO (A SEV S F ANK - ARM)) (XDO (A SIL - WAR)) (XDO (A SWE S F STP/NC - NWY)) (XDO (A TRI S A ALB)) (XDO (A TYR S A TRI - VEN)) (XDO (A WAR S A SIL))'}, {'sender': 'GERMANY', 'recipient': 'TURKEY', 'time_sent': 1654638226291283, 'phase': 'S1917M', 'message': 'ORR (XDO (F ADR S A TRI - VEN)) (XDO (A ALB S A TYR - TRI)) (XDO (F CON S F ANK - BLA)) (XDO (F ROM H))'}, {'sender': 'ITALY', 'recipient': 'GERMANY', 'time_sent': 1654638226291454, 'phase': 'S1917M', 'message': 'YES (XDO (A VEN S A TRI - APU))'}]"
S1917R,"{'timestamp': 1654638228741655, 'zobrist_hash': '9019042724280162727', 'note': '', 'name': 'S1917R', 'units': {'AUSTRIA': [], 'ENGLAND': ['F CLY', 'F ENG'], 'FRANCE': ['F POR', 'A SPA', 'F LVP'], 'GERMANY': ['A MAR', 'A GAS', 'F SKA', 'A SIL', 'A BEL', 'A RUH', 'A KIE', 'F DEN', '*A MUN'], 'ITALY': ['A VEN'], 'RUSSIA': ['A SWE', 'A TYR', 'A BOH', 'A NWY', 'A SMY', 'A BUL', 'F ANK', 'A MUN', 'F CON', 'A BUD', 'A ALB', 'F BAR', 'A PRU', 'A UKR', '*A TRI'], 'TURKEY': ['F ADR', 'F ROM', 'A TRI', '*F CON']}, 'retreats': {'AUSTRIA': {}, 'ENGLAND': {}, 'FRANCE': {}, 'GERMANY': {'A MUN': ['BER', 'BUR']}, 'ITALY': {}, 'RUSSIA': {'A TRI': ['SER', 'VIE']}, 'TURKEY': {'F CON': ['AEG']}}, 'centers': {'AUSTRIA': [], 'ENGLAND': ['EDI', 'LON'], 'FRANCE': ['POR', 'SPA', 'LVP'], 'GERMANY': ['KIE', 'DEN', 'HOL', 'BER', 'MUN', 'PAR', 'MAR', 'BRE', 'BEL'], 'ITALY': ['VEN'], 'RUSSIA': ['MOS', 'SEV', 'STP', 'WAR', 'VIE', 'TRI', 'SER', 'BUD', 'SWE', 'RUM', 'SMY', 'NWY', 'ANK', 'BUL', 'GRE'], 'TURKEY': ['CON', 'TUN', 'NAP', 'ROM']}, 'homes': {'AUSTRIA': ['BUD', 'TRI', 'VIE'], 'ENGLAND': ['EDI', 'LON', 'LVP'], 'FRANCE': ['BRE', 'MAR', 'PAR'], 'GERMANY': ['BER', 'KIE', 'MUN'], 'ITALY': ['NAP', 'ROM', 'VEN'], 'RUSSIA': ['MOS', 'SEV', 'STP', 'WAR'], 'TURKEY': ['ANK', 'CON', 'SMY']}, 'influence': {'AUSTRIA': [], 'ENGLAND': ['YOR', 'LON', 'IRI', 'EDI', 'MAO', 'CLY', 'NTH', 'ENG'], 'FRANCE': ['LYO', 'POR', 'NAO', 'SPA', 'LVP'], 'GERMANY': ['BAL', 'BER', 'MAR', 'GAS', 'PAR', 'BRE', 'BUR', 'SKA', 'PIC', 'HOL', 'SIL', 'BEL', 'RUH', 'KIE', 'DEN'], 'ITALY': ['VEN'], 'RUSSIA': ['MOS', 'STP', 'BOT', 'WAR', 'LVN', 'SER', 'FIN', 'SWE', 'VIE', 'TYR', 'GAL', 'BOH', 'NWY', 'SEV', 'BLA', 'SMY', 'BUL', 'RUM', 'ARM', 'GRE', 'ANK', 'MUN', 'CON', 'BUD', 'ALB', 'BAR', 'PRU', 'UKR'], 'TURKEY': ['APU', 'TUN', 'NAP', 'TYS', 'ADR', 'ROM', 'ION', 'PIE', 'AEG', 'WES', 'TRI']}, 'civil_disorder': {'AUSTRIA': 0, 'ENGLAND': 0, 'FRANCE': 0, 'GERMANY': 0, 'ITALY': 0, 'RUSSIA': 0, 'TURKEY': 0}, 'builds': {'AUSTRIA': {'count': 0, 'homes': []}, 'ENGLAND': {'count': 0, 'homes': []}, 'FRANCE': {'count': 0, 'homes': []}, 'GERMANY': {'count': 0, 'homes': []}, 'ITALY': {'count': 0, 'homes': []}, 'RUSSIA': {'count': 0, 'homes': []}, 'TURKEY': {'count': 0, 'homes': []}}, 'game_id': 'Wtvk9s8R5yKQ-Ulr', 'map': 'standard', 'rules': ['POWER_CHOICE']}","{'AUSTRIA': [], 'ENGLAND': [], 'FRANCE': [], 'GERMANY': ['A MUN R BER'], 'ITALY': [], 'RUSSIA': ['A TRI R VIE'], 'TURKEY': ['F CON R AEG']}","{'A MUN': [], 'A TRI': [], 'F CON': [], 'A VEN': ['void']}",[]
F1917M,"{'timestamp': 1654638230437589, 'zobrist_hash': '6257031678969845743', 'note': '', 'name': 'F1917M', 'units': {'AUSTRIA': [], 'ENGLAND': ['F CLY', 'F ENG'], 'FRANCE': ['F POR', 'A SPA', 'F LVP'], 'GERMANY': ['A MAR', 'A GAS', 'F SKA', 'A SIL', 'A BEL', 'A RUH', 'A KIE', 'F DEN', 'A BER'], 'ITALY': ['A VEN'], 'RUSSIA': ['A SWE', 'A TYR', 'A BOH', 'A NWY', 'A SMY', 'A BUL', 'F ANK', 'A MUN', 'F CON', 'A BUD', 'A ALB', 'F BAR', 'A PRU', 'A UKR', 'A VIE'], 'TURKEY': ['F ADR', 'F ROM', 'A TRI', 'F AEG']}, 'retreats': {'AUSTRIA': {}, 'ENGLAND': {}, 'FRANCE': {}, 'GERMANY': {}, 'ITALY': {}, 'RUSSIA': {}, 'TURKEY': {}}, 'centers': {'AUSTRIA': [], 'ENGLAND': ['EDI', 'LON'], 'FRANCE': ['POR', 'SPA', 'LVP'], 'GERMANY': ['KIE', 'DEN', 'HOL', 'BER', 'MUN', 'PAR', 'MAR', 'BRE', 'BEL'], 'ITALY': ['VEN'], 'RUSSIA': ['MOS', 'SEV', 'STP', 'WAR', 'VIE', 'TRI', 'SER', 'BUD', 'SWE', 'RUM', 'SMY', 'NWY', 'ANK', 'BUL', 'GRE'], 'TURKEY': ['CON', 'TUN', 'NAP', 'ROM']}, 'homes': {'AUSTRIA': ['BUD', 'TRI', 'VIE'], 'ENGLAND': ['EDI', 'LON', 'LVP'], 'FRANCE': ['BRE', 'MAR', 'PAR'], 'GERMANY': ['BER', 'KIE', 'MUN'], 'ITALY': ['NAP', 'ROM', 'VEN'], 'RUSSIA': ['MOS', 'SEV', 'STP', 'WAR'], 'TURKEY': ['ANK', 'CON', 'SMY']}, 'influence': {'AUSTRIA': [], 'ENGLAND': ['YOR', 'LON', 'IRI', 'EDI', 'MAO', 'CLY', 'NTH', 'ENG'], 'FRANCE': ['LYO', 'POR', 'NAO', 'SPA', 'LVP'], 'GERMANY': ['BAL', 'MAR', 'GAS', 'PAR', 'BRE', 'BUR', 'SKA', 'PIC', 'HOL', 'SIL', 'BEL', 'RUH', 'KIE', 'DEN', 'BER'], 'ITALY': ['VEN'], 'RUSSIA': ['MOS', 'STP', 'BOT', 'WAR', 'LVN', 'SER', 'FIN', 'SWE', 'TYR', 'GAL', 'BOH', 'NWY', 'SEV', 'BLA', 'SMY', 'BUL', 'RUM', 'ARM', 'GRE', 'ANK', 'MUN', 'CON', 'BUD', 'ALB', 'BAR', 'PRU', 'UKR', 'VIE'], 'TURKEY': ['APU', 'TUN', 'NAP', 'TYS', 'ADR', 'ROM', 'ION', 'PIE', 'WES', 'TRI', 'AEG']}, 'civil_disorder': {'AUSTRIA': 0, 'ENGLAND': 0, 'FRANCE': 0, 'GERMANY': 0, 'ITALY': 0, 'RUSSIA': 0, 'TURKEY': 0}, 'builds': {'AUSTRIA': {'count': 0, 'homes': []}, 'ENGLAND': {'count': 0, 'homes': []}, 'FRANCE': {'count': 0, 'homes': []}, 'GERMANY': {'count': 0, 'homes': []}, 'ITALY': {'count': 0, 'homes': []}, 'RUSSIA': {'count': 0, 'homes': []}, 'TURKEY': {'count': 0, 'homes': []}}, 'game_id': 'Wtvk9s8R5yKQ-Ulr', 'map': 'standard', 'rules': ['POWER_CHOICE']}","{'AUSTRIA': [], 'ENGLAND': ['F CLY - LVP', 'F ENG - BRE'], 'FRANCE': ['F LVP H', 'F POR S A SPA', 'A SPA S F POR'], 'GERMANY': ['A BEL - BUR', 'F DEN - SWE', 'F SKA S F DEN - SWE', 'A RUH S A KIE - MUN', 'A KIE - MUN', 'A GAS - BRE', 'A MAR S A GAS - SPA', 'A BER S A KIE - MUN', 'A SIL S A KIE - MUN'], 'ITALY': ['A VEN S A TRI'], 'RUSSIA': ['A NWY S A SWE', 'F BAR - NWG', 'A SWE - DEN', 'A MUN S A PRU - BER', 'A PRU - BER', 'A BOH S A MUN', 'A TYR - TRI', 'A UKR - WAR', 'A VIE S A TYR - TRI', 'A ALB S A TYR - TRI', 'A BUD S A TYR - TRI', 'F ANK - CON', 'A SMY - SYR', 'A BUL - GRE', 'F CON - AEG'], 'TURKEY': ['F ROM H', 'A TRI - VEN', 'F ADR S A TRI - VEN', 'F AEG - GRE']}","{'F CLY': ['bounce'], 'F ENG': ['bounce'], 'F POR': [], 'A SPA': [], 'F LVP': [], 'A MAR': ['void'], 'A GAS': ['bounce'], 'F SKA': [], 'A SIL': [], 'A BEL': [], 'A RUH': [], 'A KIE': [], 'F DEN': [], 'A BER': ['cut'], 'A VEN': ['void', 'dislodged'], 'A SWE': ['bounce', 'dislodged'], 'A TYR': [], 'A BOH': [], 'A NWY': ['void'], 'A SMY': [], 'A BUL': ['bounce'], 'F ANK': ['bounce'], 'A MUN': ['cut', 'dislodged'], 'F CON': ['bounce'], 'A BUD': [], 'A ALB': [], 'F BAR': [], 'A PRU': ['bounce'], 'A UKR': [], 'A VIE': [], 'F ADR': [], 'F ROM': [], 'A TRI': [], 'F AEG': ['bounce']}","[{'sender': 'GERMANY', 'recipient': 'ENGLAND', 'time_sent': 1654638229052641, 'phase': 'F1917M', 'message': 'ORR (XDO (F CLY - EDI)) (XDO (F ENG S F DEN - NTH))'}, {'sender': 'GERMANY', 'recipient': 'FRANCE', 'time_sent': 1654638229056852, 'phase': 'F1917M', 'message': 'ORR (XDO (F LVP S F ENG - IRI)) (XDO (F POR - SPA/NC)) (XDO (A SPA S A GAS))'}, {'sender': 'GERMANY', 'recipient': 'ITALY', 'time_sent': 1654638229060000, 'phase': 'F1917M', 'message': 'XDO (A VEN S A TRI)'}, {'sender': 'GERMANY', 'recipient': 'RUSSIA', 'time_sent': 1654638229074141, 'phase': 'F1917M', 'message': 'ORR (XDO (A ALB S F ADR - TRI)) (XDO (F ANK S F AEG - CON)) (XDO (F BAR S F SKA - NWY)) (XDO (A BUD S A TRI - VIE)) (XDO (A BUL S F ANK - CON)) (XDO (F CON - BLA)) (XDO (A MUN S A PRU - SIL)) (XDO (A NWY S F BAR - STP)) (XDO (A PRU S A MUN - BER)) (XDO (A SMY - BUL VIA)) (XDO (A SWE S A KIE - DEN)) (XDO (A TYR S A RUH - MUN)) (XDO (A UKR S A SIL - GAL)) (XDO (A VIE S A BOH - TYR))'}, {'sender': 'GERMANY', 'recipient': 'TURKEY', 'time_sent': 1654638229078973, 'phase': 'F1917M', 'message': 'ORR (XDO (F ADR S A TRI - VEN)) (XDO (F AEG C A SMY - CON)) (XDO (F ROM S A VEN - TUS)) (XDO (A TRI S A VEN))'}, {'sender': 'ITALY', 'recipient': 'GERMANY', 'time_sent': 1654638229079183, 'phase': 'F1917M', 'message': 'YES (XDO (A VEN S A TRI))'}]"
F1917R,"{'timestamp': 1654638230997621, 'zobrist_hash': '2328290693269173317', 'note': '', 'name': 'F1917R', 'units': {'AUSTRIA': [], 'ENGLAND': ['F CLY', 'F ENG'], 'FRANCE': ['F POR', 'A SPA', 'F LVP'], 'GERMANY': ['A MAR', 'A GAS', 'F SKA', 'A SIL', 'A RUH', 'A BER', 'A BUR', 'A MUN', 'F SWE'], 'ITALY': ['*A VEN'], 'RUSSIA': ['A BOH', 'A NWY', 'A BUL', 'F ANK', 'F CON', 'A BUD', 'A ALB', 'A PRU', 'A VIE', 'A TRI', 'A SYR', 'F NWG', 'A WAR', '*A SWE', '*A MUN'], 'TURKEY': ['F ADR', 'F ROM', 'F AEG', 'A VEN']}, 'retreats': {'AUSTRIA': {}, 'ENGLAND': {}, 'FRANCE': {}, 'GERMANY': {}, 'ITALY': {'A VEN': ['APU', 'PIE', 'TUS', 'TYR']}, 'RUSSIA': {'A SWE': ['FIN'], 'A MUN': ['TYR']}, 'TURKEY': {}}, 'centers': {'AUSTRIA': [], 'ENGLAND': ['EDI', 'LON'], 'FRANCE': ['POR', 'SPA', 'LVP'], 'GERMANY': ['KIE', 'DEN', 'HOL', 'BER', 'MUN', 'PAR', 'MAR', 'BRE', 'BEL'], 'ITALY': ['VEN'], 'RUSSIA': ['MOS', 'SEV', 'STP', 'WAR', 'VIE', 'TRI', 'SER', 'BUD', 'SWE', 'RUM', 'SMY', 'NWY', 'ANK', 'BUL', 'GRE'], 'TURKEY': ['CON', 'TUN', 'NAP', 'ROM']}, 'homes': {'AUSTRIA': ['BUD', 'TRI', 'VIE'], 'ENGLAND': ['EDI', 'LON', 'LVP'], 'FRANCE': ['BRE', 'MAR', 'PAR'], 'GERMANY': ['BER', 'KIE', 'MUN'], 'ITALY': ['NAP', 'ROM', 'VEN'], 'RUSSIA': ['MOS', 'SEV', 'STP', 'WAR'], 'TURKEY': ['ANK', 'CON', 'SMY']}, 'influence': {'AUSTRIA': [], 'ENGLAND': ['YOR', 'LON', 'IRI', 'EDI', 'MAO', 'CLY', 'NTH', 'ENG'], 'FRANCE': ['LYO', 'POR', 'NAO', 'SPA', 'LVP'], 'GERMANY': ['BAL', 'MAR', 'GAS', 'PAR', 'BRE', 'SKA', 'PIC', 'HOL', 'SIL', 'BEL', 'RUH', 'KIE', 'DEN', 'BER', 'BUR', 'MUN', 'SWE'], 'ITALY': [], 'RUSSIA': ['MOS', 'STP', 'BOT', 'LVN', 'SER', 'FIN', 'TYR', 'GAL', 'BOH', 'NWY', 'SEV', 'BLA', 'SMY', 'BUL', 'RUM', 'ARM', 'GRE', 'ANK', 'CON', 'BUD', 'ALB', 'BAR', 'PRU', 'UKR', 'VIE', 'TRI', 'SYR', 'NWG', 'WAR'], 'TURKEY': ['APU', 'TUN', 'NAP', 'TYS', 'ADR', 'ROM', 'ION', 'PIE', 'WES', 'AEG', 'VEN']}, 'civil_disorder': {'AUSTRIA': 0, 'ENGLAND': 0, 'FRANCE': 0, 'GERMANY': 0, 'ITALY': 0, 'RUSSIA': 0, 'TURKEY': 0}, 'builds': {'AUSTRIA': {'count': 0, 'homes': []}, 'ENGLAND': {'count': 0, 'homes': []}, 'FRANCE': {'count': 0, 'homes': []}, 'GERMANY': {'count': 0, 'homes': []}, 'ITALY': {'count': 0, 'homes': []}, 'RUSSIA': {'count': 0, 'homes': []}, 'TURKEY': {'count': 0, 'homes': []}}, 'game_id': 'Wtvk9s8R5yKQ-Ulr', 'map': 'standard', 'rules': ['POWER_CHOICE']}","{'AUSTRIA': [], 'ENGLAND': [], 'FRANCE': [], 'GERMANY': [], 'ITALY': [], 'RUSSIA': ['A SWE R FIN', 'A MUN R TYR'], 'TURKEY': []}","{'A VEN': ['void', 'disband'], 'A SWE': [], 'A MUN': []}",[]
W1917A,"{'timestamp': 1654638231551057, 'zobrist_hash': '1291113850886050137', 'note': '', 'name': 'W1917A', 'units': {'AUSTRIA': [], 'ENGLAND': ['F CLY', 'F ENG'], 'FRANCE': ['F POR', 'A SPA', 'F LVP'], 'GERMANY': ['A MAR', 'A GAS', 'F SKA', 'A SIL', 'A RUH', 'A BER', 'A BUR', 'A MUN', 'F SWE'], 'ITALY': [], 'RUSSIA': ['A BOH', 'A NWY', 'A BUL', 'F ANK', 'F CON', 'A BUD', 'A ALB', 'A PRU', 'A VIE', 'A TRI', 'A SYR', 'F NWG', 'A WAR', 'A FIN', 'A TYR'], 'TURKEY': ['F ADR', 'F ROM', 'F AEG', 'A VEN']}, 'retreats': {'AUSTRIA': {}, 'ENGLAND': {}, 'FRANCE': {}, 'GERMANY': {}, 'ITALY': {}, 'RUSSIA': {}, 'TURKEY': {}}, 'centers': {'AUSTRIA': [], 'ENGLAND': ['EDI', 'LON'], 'FRANCE': ['POR', 'SPA', 'LVP'], 'GERMANY': ['KIE', 'DEN', 'HOL', 'BER', 'MUN', 'PAR', 'MAR', 'BRE', 'BEL', 'SWE'], 'ITALY': [], 'RUSSIA': ['MOS', 'SEV', 'STP', 'WAR', 'VIE', 'TRI', 'SER', 'BUD', 'RUM', 'SMY', 'NWY', 'ANK', 'BUL', 'GRE', 'CON'], 'TURKEY': ['TUN', 'NAP', 'ROM', 'VEN']}, 'homes': {'AUSTRIA': ['BUD', 'TRI', 'VIE'], 'ENGLAND': ['EDI', 'LON', 'LVP'], 'FRANCE': ['BRE', 'MAR', 'PAR'], 'GERMANY': ['BER', 'KIE', 'MUN'], 'ITALY': ['NAP', 'ROM', 'VEN'], 'RUSSIA': ['MOS', 'SEV', 'STP', 'WAR'], 'TURKEY': ['ANK', 'CON', 'SMY']}, 'influence': {'AUSTRIA': [], 'ENGLAND': ['YOR', 'LON', 'IRI', 'EDI', 'MAO', 'CLY', 'NTH', 'ENG'], 'FRANCE': ['LYO', 'POR', 'NAO', 'SPA', 'LVP'], 'GERMANY': ['BAL', 'MAR', 'GAS', 'PAR', 'BRE', 'SKA', 'PIC', 'HOL', 'SIL', 'BEL', 'RUH', 'KIE', 'DEN', 'BER', 'BUR', 'MUN', 'SWE'], 'ITALY': [], 'RUSSIA': ['MOS', 'STP', 'BOT', 'LVN', 'SER', 'GAL', 'BOH', 'NWY', 'SEV', 'BLA', 'SMY', 'BUL', 'RUM', 'ARM', 'GRE', 'ANK', 'CON', 'BUD', 'ALB', 'BAR', 'PRU', 'UKR', 'VIE', 'TRI', 'SYR', 'NWG', 'WAR', 'FIN', 'TYR'], 'TURKEY': ['APU', 'TUN', 'NAP', 'TYS', 'ADR', 'ROM', 'ION', 'PIE', 'WES', 'AEG', 'VEN']}, 'civil_disorder': {'AUSTRIA': 0, 'ENGLAND': 0, 'FRANCE': 0, 'GERMANY': 0, 'ITALY': 0, 'RUSSIA': 0, 'TURKEY': 0}, 'builds': {'AUSTRIA': {'count': 0, 'homes': []}, 'ENGLAND': {'count': 0, 'homes': []}, 'FRANCE': {'count': 0, 'homes': []}, 'GERMANY': {'count': 1, 'homes': ['KIE']}, 'ITALY': {'count': 0, 'homes': []}, 'RUSSIA': {'count': 0, 'homes': []}, 'TURKEY': {'count': 0, 'homes': []}}, 'game_id': 'Wtvk9s8R5yKQ-Ulr', 'map': 'standard', 'rules': ['POWER_CHOICE']}","{'AUSTRIA': [], 'ENGLAND': [], 'FRANCE': [], 'GERMANY': ['F KIE B'], 'ITALY': [], 'RUSSIA': [], 'TURKEY': []}","{'F KIE': [''], 'A VEN': ['void']}",[]
S1918M,"{'timestamp': 1654638233235489, 'zobrist_hash': '6389193207341683980', 'note': '', 'name': 'S1918M', 'units': {'AUSTRIA': [], 'ENGLAND': ['F CLY', 'F ENG'], 'FRANCE': ['F POR', 'A SPA', 'F LVP'], 'GERMANY': ['A MAR', 'A GAS', 'F SKA', 'A SIL', 'A RUH', 'A BER', 'A BUR', 'A MUN', 'F SWE', 'F KIE'], 'ITALY': [], 'RUSSIA': ['A BOH', 'A NWY', 'A BUL', 'F ANK', 'F CON', 'A BUD', 'A ALB', 'A PRU', 'A VIE', 'A TRI', 'A SYR', 'F NWG', 'A WAR', 'A FIN', 'A TYR'], 'TURKEY': ['F ADR', 'F ROM', 'F AEG', 'A VEN']}, 'retreats': {'AUSTRIA': {}, 'ENGLAND': {}, 'FRANCE': {}, 'GERMANY': {}, 'ITALY': {}, 'RUSSIA': {}, 'TURKEY': {}}, 'centers': {'AUSTRIA': [], 'ENGLAND': ['EDI', 'LON'], 'FRANCE': ['POR', 'SPA', 'LVP'], 'GERMANY': ['KIE', 'DEN', 'HOL', 'BER', 'MUN', 'PAR', 'MAR', 'BRE', 'BEL', 'SWE'], 'ITALY': [], 'RUSSIA': ['MOS', 'SEV', 'STP', 'WAR', 'VIE', 'TRI', 'SER', 'BUD', 'RUM', 'SMY', 'NWY', 'ANK', 'BUL', 'GRE', 'CON'], 'TURKEY': ['TUN', 'NAP', 'ROM', 'VEN']}, 'homes': {'AUSTRIA': ['BUD', 'TRI', 'VIE'], 'ENGLAND': ['EDI', 'LON', 'LVP'], 'FRANCE': ['BRE', 'MAR', 'PAR'], 'GERMANY': ['BER', 'KIE', 'MUN'], 'ITALY': ['NAP', 'ROM', 'VEN'], 'RUSSIA': ['MOS', 'SEV', 'STP', 'WAR'], 'TURKEY': ['ANK', 'CON', 'SMY']}, 'influence': {'AUSTRIA': [], 'ENGLAND': ['YOR', 'LON', 'IRI', 'EDI', 'MAO', 'CLY', 'NTH', 'ENG'], 'FRANCE': ['LYO', 'POR', 'NAO', 'SPA', 'LVP'], 'GERMANY': ['BAL', 'MAR', 'GAS', 'PAR', 'BRE', 'SKA', 'PIC', 'HOL', 'SIL', 'BEL', 'RUH', 'KIE', 'DEN', 'BER', 'BUR', 'MUN', 'SWE'], 'ITALY': [], 'RUSSIA': ['MOS', 'STP', 'BOT', 'LVN', 'SER', 'GAL', 'BOH', 'NWY', 'SEV', 'BLA', 'SMY', 'BUL', 'RUM', 'ARM', 'GRE', 'ANK', 'CON', 'BUD', 'ALB', 'BAR', 'PRU', 'UKR', 'VIE', 'TRI', 'SYR', 'NWG', 'WAR', 'FIN', 'TYR'], 'TURKEY': ['APU', 'TUN', 'NAP', 'TYS', 'ADR', 'ROM', 'ION', 'PIE', 'WES', 'AEG', 'VEN']}, 'civil_disorder': {'AUSTRIA': 0, 'ENGLAND': 0, 'FRANCE': 0, 'GERMANY': 0, 'ITALY': 0, 'RUSSIA': 0, 'TURKEY': 0}, 'builds': {'AUSTRIA': {'count': 0, 'homes': []}, 'ENGLAND': {'count': 0, 'homes': []}, 'FRANCE': {'count': 0, 'homes': []}, 'GERMANY': {'count': 0, 'homes': []}, 'ITALY': {'count': 0, 'homes': []}, 'RUSSIA': {'count': 0, 'homes': []}, 'TURKEY': {'count': 0, 'homes': []}}, 'game_id': 'Wtvk9s8R5yKQ-Ulr', 'map': 'standard', 'rules': ['POWER_CHOICE']}","{'AUSTRIA': [], 'ENGLAND': ['F CLY - EDI', 'F ENG - WAL'], 'FRANCE': ['F LVP H', 'F POR S A SPA', 'A SPA S F POR'], 'GERMANY': ['F SKA - NWY', 'A BUR - PAR', 'A RUH - BUR', 'F KIE - DEN', 'F SWE S F SKA - NWY', 'A GAS - SPA', 'A MAR S A GAS - SPA', 'A MUN S A SIL', 'A BER - PRU', 'A SIL S A BER - PRU'], 'ITALY': [], 'RUSSIA': ['F NWG S A NWY', 'A NWY S A FIN - SWE', 'A FIN - SWE', 'A PRU S A WAR - SIL', 'A BOH S A WAR - SIL', 'A TYR - MUN', 'A WAR - SIL', 'A VIE - TYR', 'A TRI S A VIE - TYR', 'A ALB - GRE', 'A BUD - GAL', 'F ANK - CON', 'A SYR - ARM', 'A BUL - GRE', 'F CON - AEG'], 'TURKEY': ['F ROM - TYS', 'A VEN S F ADR - TRI', 'F ADR - TRI', 'F AEG - GRE']}","{'F CLY': [], 'F ENG': [], 'F POR': [], 'A SPA': ['cut'], 'F LVP': [], 'A MAR': [], 'A GAS': ['bounce'], 'F SKA': ['bounce'], 'A SIL': ['cut', 'dislodged'], 'A RUH': [], 'A BER': ['bounce'], 'A BUR': [], 'A MUN': ['cut'], 'F SWE': ['cut'], 'F KIE': [], 'A BOH': [], 'A NWY': ['cut'], 'A BUL': ['bounce'], 'F ANK': ['bounce'], 'F CON': ['bounce'], 'A BUD': [], 'A ALB': ['bounce'], 'A PRU': ['cut'], 'A VIE': ['bounce'], 'A TRI': ['cut', 'dislodged'], 'A SYR': [], 'F NWG': [], 'A WAR': [], 'A FIN': ['bounce'], 'A TYR': ['bounce'], 'F ADR': [], 'F ROM': [], 'F AEG': ['bounce'], 'A VEN': []}","[{'sender': 'GERMANY', 'recipient': 'ENGLAND', 'time_sent': 1654638231854608, 'phase': 'S1918M', 'message': 'ORR (XDO (F CLY S F NWG)) (XDO (F ENG S F LVP - WAL))'}, {'sender': 'GERMANY', 'recipient': 'FRANCE', 'time_sent': 1654638231859835, 'phase': 'S1918M', 'message': 'ORR (XDO (F LVP S A NWY - CLY)) (XDO (F POR - SPA/NC)) (XDO (A SPA S A GAS))'}, {'sender': 'GERMANY', 'recipient': 'RUSSIA', 'time_sent': 1654638231871853, 'phase': 'S1918M', 'message': 'ORR (XDO (A ALB S A TYR - TRI)) (XDO (F ANK S A BUL - CON)) (XDO (A BOH - GAL)) (XDO (A BUD - TRI)) (XDO (A BUL - GRE VIA)) (XDO (F CON - AEG)) (XDO (A FIN S A NWY - STP)) (XDO (F NWG S F SWE - NWY)) (XDO (A NWY S F SWE - FIN)) (XDO (A PRU - BER)) (XDO (A TRI - VEN)) (XDO (A TYR S A VIE - TRI)) (XDO (A WAR - PRU))'}, {'sender': 'GERMANY', 'recipient': 'TURKEY', 'time_sent': 1654638231877719, 'phase': 'S1918M', 'message': 'ORR (XDO (F ADR S A VEN - APU)) (XDO (F AEG C A BUL - SMY)) (XDO (F ROM S A VEN - TUS)) (XDO (A VEN S A MUN - TYR))'}]"
S1918R,"{'timestamp': 1654638233790621, 'zobrist_hash': '541254326372931797', 'note': '', 'name': 'S1918R', 'units': {'AUSTRIA': [], 'ENGLAND': ['F EDI', 'F WAL'], 'FRANCE': ['F POR', 'A SPA', 'F LVP'], 'GERMANY': ['A MAR', 'A GAS', 'F SKA', 'A BER', 'A MUN', 'F SWE', 'A BUR', 'A PAR', 'F DEN'], 'ITALY': [], 'RUSSIA': ['A BOH', 'A NWY', 'A BUL', 'F ANK', 'F CON', 'A ALB', 'A PRU', 'A VIE', 'F NWG', 'A FIN', 'A TYR', 'A GAL', 'A ARM', 'A SIL', '*A TRI'], 'TURKEY': ['F AEG', 'A VEN', 'F TRI', 'F TYS']}, 'retreats': {'AUSTRIA': {}, 'ENGLAND': {}, 'FRANCE': {}, 'GERMANY': {}, 'ITALY': {}, 'RUSSIA': {'A TRI': ['BUD', 'SER']}, 'TURKEY': {}}, 'centers': {'AUSTRIA': [], 'ENGLAND': ['EDI', 'LON'], 'FRANCE': ['POR', 'SPA', 'LVP'], 'GERMANY': ['KIE', 'DEN', 'HOL', 'BER', 'MUN', 'PAR', 'MAR', 'BRE', 'BEL', 'SWE'], 'ITALY': [], 'RUSSIA': ['MOS', 'SEV', 'STP', 'WAR', 'VIE', 'TRI', 'SER', 'BUD', 'RUM', 'SMY', 'NWY', 'ANK', 'BUL', 'GRE', 'CON'], 'TURKEY': ['TUN', 'NAP', 'ROM', 'VEN']}, 'homes': {'AUSTRIA': ['BUD', 'TRI', 'VIE'], 'ENGLAND': ['EDI', 'LON', 'LVP'], 'FRANCE': ['BRE', 'MAR', 'PAR'], 'GERMANY': ['BER', 'KIE', 'MUN'], 'ITALY': ['NAP', 'ROM', 'VEN'], 'RUSSIA': ['MOS', 'SEV', 'STP', 'WAR'], 'TURKEY': ['ANK', 'CON', 'SMY']}, 'influence': {'AUSTRIA': [], 'ENGLAND': ['YOR', 'LON', 'IRI', 'MAO', 'CLY', 'NTH', 'ENG', 'EDI', 'WAL'], 'FRANCE': ['LYO', 'POR', 'NAO', 'SPA', 'LVP'], 'GERMANY': ['BAL', 'MAR', 'GAS', 'BRE', 'SKA', 'PIC', 'HOL', 'BEL', 'RUH', 'KIE', 'BER', 'MUN', 'SWE', 'BUR', 'PAR', 'DEN'], 'ITALY': [], 'RUSSIA': ['MOS', 'STP', 'BOT', 'LVN', 'SER', 'BOH', 'NWY', 'SEV', 'BLA', 'SMY', 'BUL', 'RUM', 'GRE', 'ANK', 'CON', 'BUD', 'ALB', 'BAR', 'PRU', 'UKR', 'VIE', 'SYR', 'NWG', 'WAR', 'FIN', 'TYR', 'GAL', 'ARM', 'SIL'], 'TURKEY': ['APU', 'TUN', 'NAP', 'ADR', 'ROM', 'ION', 'PIE', 'WES', 'AEG', 'VEN', 'TRI', 'TYS']}, 'civil_disorder': {'AUSTRIA': 0, 'ENGLAND': 0, 'FRANCE': 0, 'GERMANY': 0, 'ITALY': 0, 'RUSSIA': 0, 'TURKEY': 0}, 'builds': {'AUSTRIA': {'count': 0, 'homes': []}, 'ENGLAND': {'count': 0, 'homes': []}, 'FRANCE': {'count': 0, 'homes': []}, 'GERMANY': {'count': 0, 'homes': []}, 'ITALY': {'count': 0, 'homes': []}, 'RUSSIA': {'count': 0, 'homes': []}, 'TURKEY': {'count': 0, 'homes': []}}, 'game_id': 'Wtvk9s8R5yKQ-Ulr', 'map': 'standard', 'rules': ['POWER_CHOICE']}","{'AUSTRIA': [], 'ENGLAND': [], 'FRANCE': [], 'GERMANY': [], 'ITALY': [], 'RUSSIA': ['A TRI R SER'], 'TURKEY': []}","{'A TRI': [], 'A SIL': ['disband']}",[]
F1918M,"{'timestamp': 1654638235471129, 'zobrist_hash': '7180806621541232396', 'note': '', 'name': 'F1918M', 'units': {'AUSTRIA': [], 'ENGLAND': ['F EDI', 'F WAL'], 'FRANCE': ['F POR', 'A SPA', 'F LVP'], 'GERMANY': ['A MAR', 'A GAS', 'F SKA', 'A BER', 'A MUN', 'F SWE', 'A BUR', 'A PAR', 'F DEN'], 'ITALY': [], 'RUSSIA': ['A BOH', 'A NWY', 'A BUL', 'F ANK', 'F CON', 'A ALB', 'A PRU', 'A VIE', 'F NWG', 'A FIN', 'A TYR', 'A GAL', 'A ARM', 'A SIL', 'A SER'], 'TURKEY': ['F AEG', 'A VEN', 'F TRI', 'F TYS']}, 'retreats': {'AUSTRIA': {}, 'ENGLAND': {}, 'FRANCE': {}, 'GERMANY': {}, 'ITALY': {}, 'RUSSIA': {}, 'TURKEY': {}}, 'centers': {'AUSTRIA': [], 'ENGLAND': ['EDI', 'LON'], 'FRANCE': ['POR', 'SPA', 'LVP'], 'GERMANY': ['KIE', 'DEN', 'HOL', 'BER', 'MUN', 'PAR', 'MAR', 'BRE', 'BEL', 'SWE'], 'ITALY': [], 'RUSSIA': ['MOS', 'SEV', 'STP', 'WAR', 'VIE', 'TRI', 'SER', 'BUD', 'RUM', 'SMY', 'NWY', 'ANK', 'BUL', 'GRE', 'CON'], 'TURKEY': ['TUN', 'NAP', 'ROM', 'VEN']}, 'homes': {'AUSTRIA': ['BUD', 'TRI', 'VIE'], 'ENGLAND': ['EDI', 'LON', 'LVP'], 'FRANCE': ['BRE', 'MAR', 'PAR'], 'GERMANY': ['BER', 'KIE', 'MUN'], 'ITALY': ['NAP', 'ROM', 'VEN'], 'RUSSIA': ['MOS', 'SEV', 'STP', 'WAR'], 'TURKEY': ['ANK', 'CON', 'SMY']}, 'influence': {'AUSTRIA': [], 'ENGLAND': ['YOR', 'LON', 'IRI', 'MAO', 'CLY', 'NTH', 'ENG', 'EDI', 'WAL'], 'FRANCE': ['LYO', 'POR', 'NAO', 'SPA', 'LVP'], 'GERMANY': ['BAL', 'MAR', 'GAS', 'BRE', 'SKA', 'PIC', 'HOL', 'BEL', 'RUH', 'KIE', 'BER', 'MUN', 'SWE', 'BUR', 'PAR', 'DEN'], 'ITALY': [], 'RUSSIA': ['MOS', 'STP', 'BOT', 'LVN', 'BOH', 'NWY', 'SEV', 'BLA', 'SMY', 'BUL', 'RUM', 'GRE', 'ANK', 'CON', 'BUD', 'ALB', 'BAR', 'PRU', 'UKR', 'VIE', 'SYR', 'NWG', 'WAR', 'FIN', 'TYR', 'GAL', 'ARM', 'SIL', 'SER'], 'TURKEY': ['APU', 'TUN', 'NAP', 'ADR', 'ROM', 'ION', 'PIE', 'WES', 'AEG', 'VEN', 'TRI', 'TYS']}, 'civil_disorder': {'AUSTRIA': 0, 'ENGLAND': 0, 'FRANCE': 0, 'GERMANY': 0, 'ITALY': 0, 'RUSSIA': 0, 'TURKEY': 0}, 'builds': {'AUSTRIA': {'count': 0, 'homes': []}, 'ENGLAND': {'count': 0, 'homes': []}, 'FRANCE': {'count': 0, 'homes': []}, 'GERMANY': {'count': 0, 'homes': []}, 'ITALY': {'count': 0, 'homes': []}, 'RUSSIA': {'count': 0, 'homes': []}, 'TURKEY': {'count': 0, 'homes': []}}, 'game_id': 'Wtvk9s8R5yKQ-Ulr', 'map': 'standard', 'rules': ['POWER_CHOICE']}","{'AUSTRIA': [], 'ENGLAND': ['F EDI - CLY', 'F WAL - LVP'], 'FRANCE': ['F LVP H', 'F POR S A SPA', 'A SPA S F POR'], 'GERMANY': ['F DEN S F SWE', 'F SKA - NWY', 'A BUR S A MUN', 'F SWE S F SKA - NWY', 'A GAS - SPA', 'A PAR S A GAS', 'A MAR S A GAS - SPA', 'A MUN S A BER', 'A BER S A MUN'], 'ITALY': [], 'RUSSIA': ['F NWG S A NWY', 'A NWY S A FIN - SWE', 'A FIN - SWE', 'A PRU - BER', 'A BOH - MUN', 'A SIL S A PRU - BER', 'A TYR S A BOH - MUN', 'A GAL - BUD', 'A VIE S A ALB - TRI', 'A ARM - SEV', 'A ALB - TRI', 'A SER S A ALB - TRI', 'F ANK - CON', 'A BUL - GRE', 'F CON - AEG'], 'TURKEY': ['F TYS - ION', 'A VEN S F TRI', 'F TRI S A VEN', 'F AEG - SMY']}","{'F EDI': [], 'F WAL': ['bounce'], 'F POR': [], 'A SPA': ['cut'], 'F LVP': [], 'A MAR': [], 'A GAS': ['bounce'], 'F SKA': ['bounce'], 'A BER': ['cut', 'dislodged'], 'A MUN': ['cut'], 'F SWE': ['cut'], 'A BUR': [], 'A PAR': ['void'], 'F DEN': [], 'A BOH': ['bounce'], 'A NWY': ['cut'], 'A BUL': [], 'F ANK': [], 'F CON': [], 'A ALB': [], 'A PRU': [], 'A VIE': [], 'F NWG': [], 'A FIN': ['bounce'], 'A TYR': [], 'A GAL': [], 'A ARM': [], 'A SIL': [], 'A SER': [], 'F AEG': [], 'A VEN': [], 'F TRI': ['cut', 'dislodged'], 'F TYS': []}","[{'sender': 'GERMANY', 'recipient': 'ENGLAND', 'time_sent': 1654638234094670, 'phase': 'F1918M', 'message': 'ORR (XDO (F EDI S F NWG - NTH)) (XDO (F WAL S F LVP))'}, {'sender': 'GERMANY', 'recipient': 'FRANCE', 'time_sent': 1654638234099352, 'phase': 'F1918M', 'message': 'ORR (XDO (F LVP S F WAL)) (XDO (F POR - MAO)) (XDO (A SPA S A GAS))'}, {'sender': 'GERMANY', 'recipient': 'RUSSIA', 'time_sent': 1654638234111075, 'phase': 'F1918M', 'message': 'ORR (XDO (A ALB S A TYR - TRI)) (XDO (F ANK S A BUL - CON)) (XDO (A ARM - ANK)) (XDO (A BOH S A MUN - SIL)) (XDO (A BUL S A SER - RUM)) (XDO (F CON - SMY)) (XDO (A FIN S F NWG - NWY)) (XDO (A GAL S A SIL)) (XDO (F NWG C A NWY - CLY)) (XDO (A NWY - CLY VIA)) (XDO (A PRU - BER)) (XDO (A SER S F TRI)) (XDO (A SIL S A PRU - WAR)) (XDO (A TYR S A VIE - TRI)) (XDO (A VIE S A TYR))'}, {'sender': 'GERMANY', 'recipient': 'TURKEY', 'time_sent': 1654638234115728, 'phase': 'F1918M', 'message': 'ORR (XDO (F AEG S A ALB - GRE)) (XDO (F TRI - ALB)) (XDO (F TYS - ROM)) (XDO (A VEN S F TRI))'}]"
F1918R,"{'timestamp': 1654638236292374, 'zobrist_hash': '6354024179858640190', 'note': '', 'name': 'F1918R', 'units': {'AUSTRIA': [], 'ENGLAND': ['F WAL', 'F CLY'], 'FRANCE': ['F POR', 'A SPA', 'F LVP'], 'GERMANY': ['A MAR', 'A GAS', 'F SKA', 'A MUN', 'F SWE', 'A BUR', 'A PAR', 'F DEN', '*A BER'], 'ITALY': [], 'RUSSIA': ['A BOH', 'A NWY', 'A VIE', 'F NWG', 'A FIN', 'A TYR', 'A SIL', 'A SER', 'A GRE', 'F CON', 'F AEG', 'A TRI', 'A BER', 'A BUD', 'A SEV'], 'TURKEY': ['A VEN', 'F SMY', 'F ION', '*F TRI']}, 'retreats': {'AUSTRIA': {}, 'ENGLAND': {}, 'FRANCE': {}, 'GERMANY': {'A BER': ['KIE']}, 'ITALY': {}, 'RUSSIA': {}, 'TURKEY': {'F TRI': ['ADR']}}, 'centers': {'AUSTRIA': [], 'ENGLAND': ['EDI', 'LON'], 'FRANCE': ['POR', 'SPA', 'LVP'], 'GERMANY': ['KIE', 'DEN', 'HOL', 'BER', 'MUN', 'PAR', 'MAR', 'BRE', 'BEL', 'SWE'], 'ITALY': [], 'RUSSIA': ['MOS', 'SEV', 'STP', 'WAR', 'VIE', 'TRI', 'SER', 'BUD', 'RUM', 'SMY', 'NWY', 'ANK', 'BUL', 'GRE', 'CON'], 'TURKEY': ['TUN', 'NAP', 'ROM', 'VEN']}, 'homes': {'AUSTRIA': ['BUD', 'TRI', 'VIE'], 'ENGLAND': ['EDI', 'LON', 'LVP'], 'FRANCE': ['BRE', 'MAR', 'PAR'], 'GERMANY': ['BER', 'KIE', 'MUN'], 'ITALY': ['NAP', 'ROM', 'VEN'], 'RUSSIA': ['MOS', 'SEV', 'STP', 'WAR'], 'TURKEY': ['ANK', 'CON', 'SMY']}, 'influence': {'AUSTRIA': [], 'ENGLAND': ['YOR', 'LON', 'IRI', 'MAO', 'NTH', 'ENG', 'EDI', 'WAL', 'CLY'], 'FRANCE': ['LYO', 'POR', 'NAO', 'SPA', 'LVP'], 'GERMANY': ['BAL', 'MAR', 'GAS', 'BRE', 'SKA', 'PIC', 'HOL', 'BEL', 'RUH', 'KIE', 'MUN', 'SWE', 'BUR', 'PAR', 'DEN'], 'ITALY': [], 'RUSSIA': ['MOS', 'STP', 'BOT', 'LVN', 'BOH', 'NWY', 'BLA', 'BUL', 'RUM', 'ANK', 'ALB', 'BAR', 'PRU', 'UKR', 'VIE', 'SYR', 'NWG', 'WAR', 'FIN', 'TYR', 'GAL', 'ARM', 'SIL', 'SER', 'GRE', 'CON', 'AEG', 'TRI', 'BER', 'BUD', 'SEV'], 'TURKEY': ['APU', 'TUN', 'NAP', 'ADR', 'ROM', 'PIE', 'WES', 'VEN', 'TYS', 'SMY', 'ION']}, 'civil_disorder': {'AUSTRIA': 0, 'ENGLAND': 0, 'FRANCE': 0, 'GERMANY': 0, 'ITALY': 0, 'RUSSIA': 0, 'TURKEY': 0}, 'builds': {'AUSTRIA': {'count': 0, 'homes': []}, 'ENGLAND': {'count': 0, 'homes': []}, 'FRANCE': {'count': 0, 'homes': []}, 'GERMANY': {'count': 0, 'homes': []}, 'ITALY': {'count': 0, 'homes': []}, 'RUSSIA': {'count': 0, 'homes': []}, 'TURKEY': {'count': 0, 'homes': []}}, 'game_id': 'Wtvk9s8R5yKQ-Ulr', 'map': 'standard', 'rules': ['POWER_CHOICE']}","{'AUSTRIA': [], 'ENGLAND': [], 'FRANCE': [], 'GERMANY': ['A BER R KIE'], 'ITALY': [], 'RUSSIA': [], 'TURKEY': ['F TRI R ADR']}","{'A BER': [], 'F TRI': []}",[]
S1919M,"{'timestamp': 1654638237975379, 'zobrist_hash': '9160731009432587268', 'note': '', 'name': 'S1919M', 'units': {'AUSTRIA': [], 'ENGLAND': ['F WAL', 'F CLY'], 'FRANCE': ['F POR', 'A SPA', 'F LVP'], 'GERMANY': ['A MAR', 'A GAS', 'F SKA', 'A MUN', 'F SWE', 'A BUR', 'A PAR', 'F DEN', 'A KIE'], 'ITALY': [], 'RUSSIA': ['A BOH', 'A NWY', 'A VIE', 'F NWG', 'A FIN', 'A TYR', 'A SIL', 'A SER', 'A GRE', 'F CON', 'F AEG', 'A TRI', 'A BER', 'A BUD', 'A SEV'], 'TURKEY': ['A VEN', 'F SMY', 'F ION', 'F ADR']}, 'retreats': {'AUSTRIA': {}, 'ENGLAND': {}, 'FRANCE': {}, 'GERMANY': {}, 'ITALY': {}, 'RUSSIA': {}, 'TURKEY': {}}, 'centers': {'AUSTRIA': [], 'ENGLAND': ['EDI', 'LON'], 'FRANCE': ['POR', 'SPA', 'LVP'], 'GERMANY': ['KIE', 'DEN', 'HOL', 'MUN', 'PAR', 'MAR', 'BRE', 'BEL', 'SWE'], 'ITALY': [], 'RUSSIA': ['MOS', 'SEV', 'STP', 'WAR', 'VIE', 'TRI', 'SER', 'BUD', 'RUM', 'NWY', 'ANK', 'BUL', 'GRE', 'CON', 'BER'], 'TURKEY': ['TUN', 'NAP', 'ROM', 'VEN', 'SMY']}, 'homes': {'AUSTRIA': ['BUD', 'TRI', 'VIE'], 'ENGLAND': ['EDI', 'LON', 'LVP'], 'FRANCE': ['BRE', 'MAR', 'PAR'], 'GERMANY': ['BER', 'KIE', 'MUN'], 'ITALY': ['NAP', 'ROM', 'VEN'], 'RUSSIA': ['MOS', 'SEV', 'STP', 'WAR'], 'TURKEY': ['ANK', 'CON', 'SMY']}, 'influence': {'AUSTRIA': [], 'ENGLAND': ['YOR', 'LON', 'IRI', 'MAO', 'NTH', 'ENG', 'EDI', 'WAL', 'CLY'], 'FRANCE': ['LYO', 'POR', 'NAO', 'SPA', 'LVP'], 'GERMANY': ['BAL', 'MAR', 'GAS', 'BRE', 'SKA', 'PIC', 'HOL', 'BEL', 'RUH', 'MUN', 'SWE', 'BUR', 'PAR', 'DEN', 'KIE'], 'ITALY': [], 'RUSSIA': ['MOS', 'STP', 'BOT', 'LVN', 'BOH', 'NWY', 'BLA', 'BUL', 'RUM', 'ANK', 'ALB', 'BAR', 'PRU', 'UKR', 'VIE', 'SYR', 'NWG', 'WAR', 'FIN', 'TYR', 'GAL', 'ARM', 'SIL', 'SER', 'GRE', 'CON', 'AEG', 'TRI', 'BER', 'BUD', 'SEV'], 'TURKEY': ['APU', 'TUN', 'NAP', 'ROM', 'PIE', 'WES', 'VEN', 'TYS', 'SMY', 'ION', 'ADR']}, 'civil_disorder': {'AUSTRIA': 0, 'ENGLAND': 0, 'FRANCE': 0, 'GERMANY': 0, 'ITALY': 0, 'RUSSIA': 0, 'TURKEY': 0}, 'builds': {'AUSTRIA': {'count': 0, 'homes': []}, 'ENGLAND': {'count': 0, 'homes': []}, 'FRANCE': {'count': 0, 'homes': []}, 'GERMANY': {'count': 0, 'homes': []}, 'ITALY': {'count': 0, 'homes': []}, 'RUSSIA': {'count': 0, 'homes': []}, 'TURKEY': {'count': 0, 'homes': []}}, 'game_id': 'Wtvk9s8R5yKQ-Ulr', 'map': 'standard', 'rules': ['POWER_CHOICE']}","{'AUSTRIA': [], 'ENGLAND': ['F WAL - LVP', 'F CLY - EDI'], 'FRANCE': ['F LVP - WAL', 'F POR S A SPA', 'A SPA S F POR'], 'GERMANY': ['F DEN S F SWE', 'F SKA - NWY', 'A BUR S A MUN', 'A KIE S A MUN', 'F SWE S F SKA - NWY', 'A GAS - SPA', 'A PAR S A GAS', 'A MAR S A GAS - SPA', 'A MUN S A KIE'], 'ITALY': [], 'RUSSIA': ['F NWG S A NWY', 'A NWY S A FIN - SWE', 'A FIN - SWE', 'A BER S A SIL - MUN', 'A BOH S A SIL - MUN', 'A SIL - MUN', 'A TYR S A TRI - VEN', 'A SEV - ARM', 'A VIE - TYR', 'A TRI - VEN', 'F AEG S F CON - SMY', 'A GRE H', 'A BUD - TRI', 'A SER - TRI', 'F CON - SMY'], 'TURKEY': ['F ION - AEG', 'A VEN S A MAR - PIE', 'F ADR S A VEN', 'F SMY - CON']}","{'F WAL': ['bounce'], 'F CLY': [], 'F POR': [], 'A SPA': ['cut'], 'F LVP': ['bounce'], 'A MAR': [], 'A GAS': ['bounce'], 'F SKA': ['bounce'], 'A MUN': ['cut'], 'F SWE': ['cut'], 'A BUR': [], 'A PAR': ['void'], 'F DEN': [], 'A KIE': [], 'A BOH': [], 'A NWY': ['cut'], 'A VIE': ['bounce'], 'F NWG': [], 'A FIN': ['bounce'], 'A TYR': [], 'A SIL': ['bounce'], 'A SER': ['bounce'], 'A GRE': [], 'F CON': ['bounce'], 'F AEG': ['cut'], 'A TRI': ['bounce'], 'A BER': [], 'A BUD': ['bounce'], 'A SEV': [], 'A VEN': ['void'], 'F SMY': ['bounce'], 'F ION': ['bounce'], 'F ADR': []}","[{'sender': 'GERMANY', 'recipient': 'ENGLAND', 'time_sent': 1654638236594193, 'phase': 'S1919M', 'message': 'ORR (XDO (F CLY - NWG)) (XDO (F WAL - ENG))'}, {'sender': 'GERMANY', 'recipient': 'FRANCE', 'time_sent': 1654638236598050, 'phase': 'S1919M', 'message': 'ORR (XDO (F LVP - CLY)) (XDO (F POR - SPA/NC)) (XDO (A SPA S A GAS))'}, {'sender': 'GERMANY', 'recipient': 'RUSSIA', 'time_sent': 1654638236609900, 'phase': 'S1919M', 'message': 'ORR (XDO (F AEG C A GRE - CON)) (XDO (A BER S A MUN - KIE)) (XDO (A BOH S A MUN - SIL)) (XDO (A BUD S A BOH - GAL)) (XDO (F CON S F SMY)) (XDO (A FIN S F DEN - SWE)) (XDO (A GRE S F ADR - ALB)) (XDO (F NWG S F SWE - NWY)) (XDO (A NWY S F SWE - FIN)) (XDO (A SER S A VEN - ALB)) (XDO (A SEV - ARM)) (XDO (A SIL H)) (XDO (A TRI S A VEN)) (XDO (A TYR S A SER - TRI)) (XDO (A VIE S A BOH - TYR))'}, {'sender': 'GERMANY', 'recipient': 'TURKEY', 'time_sent': 1654638236614244, 'phase': 'S1919M', 'message': 'ORR (XDO (F ADR S A TRI - VEN)) (XDO (F ION - AEG)) (XDO (F SMY S A VEN - CON)) (XDO (A VEN S A TRI - APU))'}]"
F1919M,"{'timestamp': 1654638239664074, 'zobrist_hash': '7610576179301601929', 'note': '', 'name': 'F1919M', 'units': {'AUSTRIA': [], 'ENGLAND': ['F WAL', 'F EDI'], 'FRANCE': ['F POR', 'A SPA', 'F LVP'], 'GERMANY': ['A MAR', 'A GAS', 'F SKA', 'A MUN', 'F SWE', 'A BUR', 'A PAR', 'F DEN', 'A KIE'], 'ITALY': [], 'RUSSIA': ['A BOH', 'A NWY', 'A VIE', 'F NWG', 'A FIN', 'A TYR', 'A SIL', 'A SER', 'A GRE', 'F CON', 'F AEG', 'A TRI', 'A BER', 'A BUD', 'A ARM'], 'TURKEY': ['A VEN', 'F SMY', 'F ION', 'F ADR']}, 'retreats': {'AUSTRIA': {}, 'ENGLAND': {}, 'FRANCE': {}, 'GERMANY': {}, 'ITALY': {}, 'RUSSIA': {}, 'TURKEY': {}}, 'centers': {'AUSTRIA': [], 'ENGLAND': ['EDI', 'LON'], 'FRANCE': ['POR', 'SPA', 'LVP'], 'GERMANY': ['KIE', 'DEN', 'HOL', 'MUN', 'PAR', 'MAR', 'BRE', 'BEL', 'SWE'], 'ITALY': [], 'RUSSIA': ['MOS', 'SEV', 'STP', 'WAR', 'VIE', 'TRI', 'SER', 'BUD', 'RUM', 'NWY', 'ANK', 'BUL', 'GRE', 'CON', 'BER'], 'TURKEY': ['TUN', 'NAP', 'ROM', 'VEN', 'SMY']}, 'homes': {'AUSTRIA': ['BUD', 'TRI', 'VIE'], 'ENGLAND': ['EDI', 'LON', 'LVP'], 'FRANCE': ['BRE', 'MAR', 'PAR'], 'GERMANY': ['BER', 'KIE', 'MUN'], 'ITALY': ['NAP', 'ROM', 'VEN'], 'RUSSIA': ['MOS', 'SEV', 'STP', 'WAR'], 'TURKEY': ['ANK', 'CON', 'SMY']}, 'influence': {'AUSTRIA': [], 'ENGLAND': ['YOR', 'LON', 'IRI', 'MAO', 'NTH', 'ENG', 'WAL', 'CLY', 'EDI'], 'FRANCE': ['LYO', 'POR', 'NAO', 'SPA', 'LVP'], 'GERMANY': ['BAL', 'MAR', 'GAS', 'BRE', 'SKA', 'PIC', 'HOL', 'BEL', 'RUH', 'MUN', 'SWE', 'BUR', 'PAR', 'DEN', 'KIE'], 'ITALY': [], 'RUSSIA': ['MOS', 'STP', 'BOT', 'LVN', 'BOH', 'NWY', 'BLA', 'BUL', 'RUM', 'ANK', 'ALB', 'BAR', 'PRU', 'UKR', 'VIE', 'SYR', 'NWG', 'WAR', 'FIN', 'TYR', 'GAL', 'SIL', 'SER', 'GRE', 'CON', 'AEG', 'TRI', 'BER', 'BUD', 'SEV', 'ARM'], 'TURKEY': ['APU', 'TUN', 'NAP', 'ROM', 'PIE', 'WES', 'VEN', 'TYS', 'SMY', 'ION', 'ADR']}, 'civil_disorder': {'AUSTRIA': 0, 'ENGLAND': 0, 'FRANCE': 0, 'GERMANY': 0, 'ITALY': 0, 'RUSSIA': 0, 'TURKEY': 0}, 'builds': {'AUSTRIA': {'count': 0, 'homes': []}, 'ENGLAND': {'count': 0, 'homes': []}, 'FRANCE': {'count': 0, 'homes': []}, 'GERMANY': {'count': 0, 'homes': []}, 'ITALY': {'count': 0, 'homes': []}, 'RUSSIA': {'count': 0, 'homes': []}, 'TURKEY': {'count': 0, 'homes': []}}, 'game_id': 'Wtvk9s8R5yKQ-Ulr', 'map': 'standard', 'rules': ['POWER_CHOICE']}","{'AUSTRIA': [], 'ENGLAND': ['F EDI - CLY', 'F WAL - LVP'], 'FRANCE': ['F LVP H', 'F POR S A SPA', 'A SPA S F POR'], 'GERMANY': ['F DEN S F SWE', 'F SKA - NWY', 'A BUR S A MUN', 'A KIE S A MUN', 'F SWE S F SKA - NWY', 'A GAS - SPA', 'A PAR S A GAS', 'A MAR S A GAS - SPA', 'A MUN S A KIE'], 'ITALY': [], 'RUSSIA': ['F NWG S A NWY', 'A NWY S A FIN - SWE', 'A FIN - SWE', 'A BER S A SIL - MUN', 'A BOH S A SIL - MUN', 'A SIL - MUN', 'A TYR S A SIL - MUN', 'A VIE - TYR', 'A TRI - VEN', 'A ARM - SMY', 'F AEG S A ARM - SMY', 'A GRE H', 'A BUD - TRI', 'A SER - BUL', 'F CON S A ARM - SMY'], 'TURKEY': ['F ION - GRE', 'A VEN S F ADR - TRI', 'F ADR - TRI', 'F SMY - CON']}","{'F WAL': ['bounce'], 'F EDI': [], 'F POR': [], 'A SPA': ['cut'], 'F LVP': [], 'A MAR': [], 'A GAS': ['bounce'], 'F SKA': ['bounce'], 'A MUN': ['cut', 'dislodged'], 'F SWE': ['cut'], 'A BUR': [], 'A PAR': ['void'], 'F DEN': [], 'A KIE': [], 'A BOH': [], 'A NWY': ['cut'], 'A VIE': ['bounce'], 'F NWG': [], 'A FIN': ['bounce'], 'A TYR': [], 'A SIL': [], 'A SER': [], 'A GRE': [], 'F CON': [], 'F AEG': [], 'A TRI': ['bounce', 'dislodged'], 'A BER': [], 'A BUD': ['bounce'], 'A ARM': [], 'A VEN': [], 'F SMY': ['bounce', 'dislodged'], 'F ION': ['bounce'], 'F ADR': []}","[{'sender': 'GERMANY', 'recipient': 'ENGLAND', 'time_sent': 1654638238279918, 'phase': 'F1919M', 'message': 'ORR (XDO (F EDI S F NWG - NTH)) (XDO (F WAL - IRI))'}, {'sender': 'GERMANY', 'recipient': 'FRANCE', 'time_sent': 1654638238285123, 'phase': 'F1919M', 'message': 'ORR (XDO (F LVP - CLY)) (XDO (F POR S A SPA)) (XDO (A SPA S A GAS))'}, {'sender': 'GERMANY', 'recipient': 'RUSSIA', 'time_sent': 1654638238298326, 'phase': 'F1919M', 'message': 'ORR (XDO (F AEG S F SMY)) (XDO (A ARM - SYR)) (XDO (A BER S A KIE - MUN)) (XDO (A BOH S A VIE)) (XDO (A BUD - TRI)) (XDO (F CON S F SMY)) (XDO (A FIN S A NWY - STP)) (XDO (F NWG - NTH)) (XDO (A NWY - CLY VIA)) (XDO (A SER S A VEN - BUL)) (XDO (A SIL S A TYR - MUN)) (XDO (A TRI S A VEN)) (XDO (A TYR S A VIE - TRI)) (XDO (A VIE S A TYR))'}, {'sender': 'GERMANY', 'recipient': 'TURKEY', 'time_sent': 1654638238302298, 'phase': 'F1919M', 'message': 'ORR (XDO (F ADR S A TRI - VEN)) (XDO (F ION C A GRE - ALB)) (XDO (F SMY S A VEN - CON)) (XDO (A VEN S A TRI))'}]"
F1919R,"{'timestamp': 1654638240753133, 'zobrist_hash': '3408532329940847891', 'note': '', 'name': 'F1919R', 'units': {'AUSTRIA': [], 'ENGLAND': ['F WAL', 'F CLY'], 'FRANCE': ['F POR', 'A SPA', 'F LVP'], 'GERMANY': ['A MAR', 'A GAS', 'F SKA', 'F SWE', 'A BUR', 'A PAR', 'F DEN', 'A KIE', '*A MUN'], 'ITALY': [], 'RUSSIA': ['A BOH', 'A NWY', 'A VIE', 'F NWG', 'A FIN', 'A TYR', 'A GRE', 'F CON', 'F AEG', 'A BER', 'A BUD', 'A MUN', 'A BUL', 'A SMY', '*A TRI'], 'TURKEY': ['A VEN', 'F ION', 'F TRI', '*F SMY']}, 'retreats': {'AUSTRIA': {}, 'ENGLAND': {}, 'FRANCE': {}, 'GERMANY': {'A MUN': ['RUH']}, 'ITALY': {}, 'RUSSIA': {'A TRI': ['ALB', 'SER']}, 'TURKEY': {'F SMY': ['EAS', 'SYR']}}, 'centers': {'AUSTRIA': [], 'ENGLAND': ['EDI', 'LON'], 'FRANCE': ['POR', 'SPA', 'LVP'], 'GERMANY': ['KIE', 'DEN', 'HOL', 'MUN', 'PAR', 'MAR', 'BRE', 'BEL', 'SWE'], 'ITALY': [], 'RUSSIA': ['MOS', 'SEV', 'STP', 'WAR', 'VIE', 'TRI', 'SER', 'BUD', 'RUM', 'NWY', 'ANK', 'BUL', 'GRE', 'CON', 'BER'], 'TURKEY': ['TUN', 'NAP', 'ROM', 'VEN', 'SMY']}, 'homes': {'AUSTRIA': ['BUD', 'TRI', 'VIE'], 'ENGLAND': ['EDI', 'LON', 'LVP'], 'FRANCE': ['BRE', 'MAR', 'PAR'], 'GERMANY': ['BER', 'KIE', 'MUN'], 'ITALY': ['NAP', 'ROM', 'VEN'], 'RUSSIA': ['MOS', 'SEV', 'STP', 'WAR'], 'TURKEY': ['ANK', 'CON', 'SMY']}, 'influence': {'AUSTRIA': [], 'ENGLAND': ['YOR', 'LON', 'IRI', 'MAO', 'NTH', 'ENG', 'WAL', 'EDI', 'CLY'], 'FRANCE': ['LYO', 'POR', 'NAO', 'SPA', 'LVP'], 'GERMANY': ['BAL', 'MAR', 'GAS', 'BRE', 'SKA', 'PIC', 'HOL', 'BEL', 'RUH', 'SWE', 'BUR', 'PAR', 'DEN', 'KIE'], 'ITALY': [], 'RUSSIA': ['MOS', 'STP', 'BOT', 'LVN', 'BOH', 'NWY', 'BLA', 'RUM', 'ANK', 'ALB', 'BAR', 'PRU', 'UKR', 'VIE', 'SYR', 'NWG', 'WAR', 'FIN', 'TYR', 'GAL', 'SIL', 'SER', 'GRE', 'CON', 'AEG', 'BER', 'BUD', 'SEV', 'ARM', 'MUN', 'BUL', 'SMY'], 'TURKEY': ['APU', 'TUN', 'NAP', 'ROM', 'PIE', 'WES', 'VEN', 'TYS', 'ION', 'ADR', 'TRI']}, 'civil_disorder': {'AUSTRIA': 0, 'ENGLAND': 0, 'FRANCE': 0, 'GERMANY': 0, 'ITALY': 0, 'RUSSIA': 0, 'TURKEY': 0}, 'builds': {'AUSTRIA': {'count': 0, 'homes': []}, 'ENGLAND': {'count': 0, 'homes': []}, 'FRANCE': {'count': 0, 'homes': []}, 'GERMANY': {'count': 0, 'homes': []}, 'ITALY': {'count': 0, 'homes': []}, 'RUSSIA': {'count': 0, 'homes': []}, 'TURKEY': {'count': 0, 'homes': []}}, 'game_id': 'Wtvk9s8R5yKQ-Ulr', 'map': 'standard', 'rules': ['POWER_CHOICE']}","{'AUSTRIA': [], 'ENGLAND': [], 'FRANCE': [], 'GERMANY': ['A MUN R RUH'], 'ITALY': [], 'RUSSIA': ['A TRI R SER'], 'TURKEY': ['F SMY R EAS']}","{'A MUN': [], 'A TRI': [], 'F SMY': []}",[]
W1919A,"{'timestamp': 1654638241577975, 'zobrist_hash': '6407660836739019135', 'note': '', 'name': 'W1919A', 'units': {'AUSTRIA': [], 'ENGLAND': ['F WAL', 'F CLY'], 'FRANCE': ['F POR', 'A SPA', 'F LVP'], 'GERMANY': ['A MAR', 'A GAS', 'F SKA', 'F SWE', 'A BUR', 'A PAR', 'F DEN', 'A KIE', 'A RUH'], 'ITALY': [], 'RUSSIA': ['A BOH', 'A NWY', 'A VIE', 'F NWG', 'A FIN', 'A TYR', 'A GRE', 'F CON', 'F AEG', 'A BER', 'A BUD', 'A MUN', 'A BUL', 'A SMY', 'A SER'], 'TURKEY': ['A VEN', 'F ION', 'F TRI', 'F EAS']}, 'retreats': {'AUSTRIA': {}, 'ENGLAND': {}, 'FRANCE': {}, 'GERMANY': {}, 'ITALY': {}, 'RUSSIA': {}, 'TURKEY': {}}, 'centers': {'AUSTRIA': [], 'ENGLAND': ['EDI', 'LON'], 'FRANCE': ['POR', 'SPA', 'LVP'], 'GERMANY': ['KIE', 'DEN', 'HOL', 'PAR', 'MAR', 'BRE', 'BEL', 'SWE'], 'ITALY': [], 'RUSSIA': ['MOS', 'SEV', 'STP', 'WAR', 'VIE', 'SER', 'BUD', 'RUM', 'NWY', 'ANK', 'BUL', 'GRE', 'CON', 'BER', 'MUN', 'SMY'], 'TURKEY': ['TUN', 'NAP', 'ROM', 'VEN', 'TRI']}, 'homes': {'AUSTRIA': ['BUD', 'TRI', 'VIE'], 'ENGLAND': ['EDI', 'LON', 'LVP'], 'FRANCE': ['BRE', 'MAR', 'PAR'], 'GERMANY': ['BER', 'KIE', 'MUN'], 'ITALY': ['NAP', 'ROM', 'VEN'], 'RUSSIA': ['MOS', 'SEV', 'STP', 'WAR'], 'TURKEY': ['ANK', 'CON', 'SMY']}, 'influence': {'AUSTRIA': [], 'ENGLAND': ['YOR', 'LON', 'IRI', 'MAO', 'NTH', 'ENG', 'WAL', 'EDI', 'CLY'], 'FRANCE': ['LYO', 'POR', 'NAO', 'SPA', 'LVP'], 'GERMANY': ['BAL', 'MAR', 'GAS', 'BRE', 'SKA', 'PIC', 'HOL', 'BEL', 'SWE', 'BUR', 'PAR', 'DEN', 'KIE', 'RUH'], 'ITALY': [], 'RUSSIA': ['MOS', 'STP', 'BOT', 'LVN', 'BOH', 'NWY', 'BLA', 'RUM', 'ANK', 'ALB', 'BAR', 'PRU', 'UKR', 'VIE', 'SYR', 'NWG', 'WAR', 'FIN', 'TYR', 'GAL', 'SIL', 'GRE', 'CON', 'AEG', 'BER', 'BUD', 'SEV', 'ARM', 'MUN', 'BUL', 'SMY', 'SER'], 'TURKEY': ['APU', 'TUN', 'NAP', 'ROM', 'PIE', 'WES', 'VEN', 'TYS', 'ION', 'ADR', 'TRI', 'EAS']}, 'civil_disorder': {'AUSTRIA': 0, 'ENGLAND': 0, 'FRANCE': 0, 'GERMANY': 0, 'ITALY': 0, 'RUSSIA': 0, 'TURKEY': 0}, 'builds': {'AUSTRIA': {'count': 0, 'homes': []}, 'ENGLAND': {'count': 0, 'homes': []}, 'FRANCE': {'count': 0, 'homes': []}, 'GERMANY': {'count': -1, 'homes': []}, 'ITALY': {'count': 0, 'homes': []}, 'RUSSIA': {'count': 1, 'homes': ['MOS', 'SEV', 'STP', 'WAR']}, 'TURKEY': {'count': 0, 'homes': []}}, 'game_id': 'Wtvk9s8R5yKQ-Ulr', 'map': 'standard', 'rules': ['POWER_CHOICE']}","{'AUSTRIA': [], 'ENGLAND': [], 'FRANCE': [], 'GERMANY': ['A PAR D'], 'ITALY': [], 'RUSSIA': ['F SEV B'], 'TURKEY': []}","{'A PAR': [''], 'F SEV': ['']}",[]
S1920M,"{'timestamp': 1654638243267601, 'zobrist_hash': '2584746027954487584', 'note': '', 'name': 'S1920M', 'units': {'AUSTRIA': [], 'ENGLAND': ['F WAL', 'F CLY'], 'FRANCE': ['F POR', 'A SPA', 'F LVP'], 'GERMANY': ['A MAR', 'A GAS', 'F SKA', 'F SWE', 'A BUR', 'F DEN', 'A KIE', 'A RUH'], 'ITALY': [], 'RUSSIA': ['A BOH', 'A NWY', 'A VIE', 'F NWG', 'A FIN', 'A TYR', 'A GRE', 'F CON', 'F AEG', 'A BER', 'A BUD', 'A MUN', 'A BUL', 'A SMY', 'A SER', 'F SEV'], 'TURKEY': ['A VEN', 'F ION', 'F TRI', 'F EAS']}, 'retreats': {'AUSTRIA': {}, 'ENGLAND': {}, 'FRANCE': {}, 'GERMANY': {}, 'ITALY': {}, 'RUSSIA': {}, 'TURKEY': {}}, 'centers': {'AUSTRIA': [], 'ENGLAND': ['EDI', 'LON'], 'FRANCE': ['POR', 'SPA', 'LVP'], 'GERMANY': ['KIE', 'DEN', 'HOL', 'PAR', 'MAR', 'BRE', 'BEL', 'SWE'], 'ITALY': [], 'RUSSIA': ['MOS', 'SEV', 'STP', 'WAR', 'VIE', 'SER', 'BUD', 'RUM', 'NWY', 'ANK', 'BUL', 'GRE', 'CON', 'BER', 'MUN', 'SMY'], 'TURKEY': ['TUN', 'NAP', 'ROM', 'VEN', 'TRI']}, 'homes': {'AUSTRIA': ['BUD', 'TRI', 'VIE'], 'ENGLAND': ['EDI', 'LON', 'LVP'], 'FRANCE': ['BRE', 'MAR', 'PAR'], 'GERMANY': ['BER', 'KIE', 'MUN'], 'ITALY': ['NAP', 'ROM', 'VEN'], 'RUSSIA': ['MOS', 'SEV', 'STP', 'WAR'], 'TURKEY': ['ANK', 'CON', 'SMY']}, 'influence': {'AUSTRIA': [], 'ENGLAND': ['YOR', 'LON', 'IRI', 'MAO', 'NTH', 'ENG', 'WAL', 'EDI', 'CLY'], 'FRANCE': ['LYO', 'POR', 'NAO', 'SPA', 'LVP'], 'GERMANY': ['BAL', 'MAR', 'GAS', 'BRE', 'SKA', 'PIC', 'HOL', 'BEL', 'SWE', 'BUR', 'PAR', 'DEN', 'KIE', 'RUH'], 'ITALY': [], 'RUSSIA': ['MOS', 'STP', 'BOT', 'LVN', 'BOH', 'NWY', 'BLA', 'RUM', 'ANK', 'ALB', 'BAR', 'PRU', 'UKR', 'VIE', 'SYR', 'NWG', 'WAR', 'FIN', 'TYR', 'GAL', 'SIL', 'GRE', 'CON', 'AEG', 'BER', 'BUD', 'SEV', 'ARM', 'MUN', 'BUL', 'SMY', 'SER'], 'TURKEY': ['APU', 'TUN', 'NAP', 'ROM', 'PIE', 'WES', 'VEN', 'TYS', 'ION', 'ADR', 'TRI', 'EAS']}, 'civil_disorder': {'AUSTRIA': 0, 'ENGLAND': 0, 'FRANCE': 0, 'GERMANY': 0, 'ITALY': 0, 'RUSSIA': 0, 'TURKEY': 0}, 'builds': {'AUSTRIA': {'count': 0, 'homes': []}, 'ENGLAND': {'count': 0, 'homes': []}, 'FRANCE': {'count': 0, 'homes': []}, 'GERMANY': {'count': 0, 'homes': []}, 'ITALY': {'count': 0, 'homes': []}, 'RUSSIA': {'count': 0, 'homes': []}, 'TURKEY': {'count': 0, 'homes': []}}, 'game_id': 'Wtvk9s8R5yKQ-Ulr', 'map': 'standard', 'rules': ['POWER_CHOICE']}","{'AUSTRIA': [], 'ENGLAND': ['F WAL - LVP', 'F CLY S F WAL - LVP'], 'FRANCE': ['F LVP - WAL', 'F POR S A SPA', 'A SPA S F POR'], 'GERMANY': ['F DEN S F SWE', 'F SKA - NWY', 'A BUR - MUN', 'A RUH S A KIE', 'A KIE S A BUR - MUN', 'F SWE S F SKA - NWY', 'A GAS - SPA', 'A MAR S A GAS - SPA'], 'ITALY': [], 'RUSSIA': ['F NWG S A NWY', 'A NWY S A FIN - SWE', 'A FIN - SWE', 'A MUN S A BER - KIE', 'A BER - KIE', 'A BOH S A MUN', 'A TYR - VEN', 'F SEV - BLA', 'A VIE - TYR', 'F AEG - ION', 'A GRE S F TRI - ALB', 'A BUD S A SER - TRI', 'A SER - TRI', 'A SMY H', 'A BUL - RUM', 'F CON - AEG'], 'TURKEY': ['F ION - AEG', 'A VEN S F TRI', 'F TRI S A VEN', 'F EAS S F ION - AEG']}","{'F WAL': [], 'F CLY': [], 'F POR': [], 'A SPA': ['cut'], 'F LVP': ['bounce', 'dislodged'], 'A MAR': [], 'A GAS': ['bounce'], 'F SKA': ['bounce'], 'F SWE': ['cut'], 'A BUR': ['bounce'], 'F DEN': [], 'A KIE': ['cut'], 'A RUH': [], 'A BOH': [], 'A NWY': ['cut'], 'A VIE': ['bounce'], 'F NWG': [], 'A FIN': ['bounce'], 'A TYR': ['bounce'], 'A GRE': ['void'], 'F CON': ['bounce'], 'F AEG': ['bounce', 'dislodged'], 'A BER': ['bounce'], 'A BUD': [], 'A MUN': ['cut'], 'A BUL': [], 'A SMY': [], 'A SER': [], 'F SEV': [], 'A VEN': ['cut'], 'F ION': [], 'F TRI': ['cut', 'dislodged'], 'F EAS': []}","[{'sender': 'GERMANY', 'recipient': 'ENGLAND', 'time_sent': 1654638241882655, 'phase': 'S1920M', 'message': 'ORR (XDO (F CLY - EDI)) (XDO (F WAL - ENG))'}, {'sender': 'GERMANY', 'recipient': 'FRANCE', 'time_sent': 1654638241888247, 'phase': 'S1920M', 'message': 'ORR (XDO (F LVP - CLY)) (XDO (F POR H)) (XDO (A SPA S F POR))'}, {'sender': 'GERMANY', 'recipient': 'RUSSIA', 'time_sent': 1654638241899807, 'phase': 'S1920M', 'message': 'ORR (XDO (F AEG C A GRE - CON)) (XDO (A BER S A RUH - MUN)) (XDO (A BOH - GAL)) (XDO (A BUD S A BUL - RUM)) (XDO (A BUL S A SER - GRE)) (XDO (F CON - SMY)) (XDO (A FIN S A NWY - STP)) (XDO (A GRE S A SER - BUL)) (XDO (A MUN S A BER)) (XDO (F NWG S F SWE - NWY)) (XDO (A NWY - CLY VIA)) (XDO (A SER S F TRI)) (XDO (F SEV S A SER - RUM)) (XDO (A SMY - TUN VIA)) (XDO (A TYR S A VIE - TRI)) (XDO (A VIE S A BOH - TYR))'}, {'sender': 'GERMANY', 'recipient': 'TURKEY', 'time_sent': 1654638241906142, 'phase': 'S1920M', 'message': 'ORR (XDO (F EAS H)) (XDO (F ION C A BUL - NAP)) (XDO (F TRI S A SER - ALB)) (XDO (A VEN S A MUN - TYR))'}]"
S1920R,"{'timestamp': 1654638244354488, 'zobrist_hash': '8362861257701809769', 'note': '', 'name': 'S1920R', 'units': {'AUSTRIA': [], 'ENGLAND': ['F CLY', 'F LVP'], 'FRANCE': ['F POR', 'A SPA', '*F LVP'], 'GERMANY': ['A MAR', 'A GAS', 'F SKA', 'F SWE', 'A BUR', 'F DEN', 'A KIE', 'A RUH'], 'ITALY': [], 'RUSSIA': ['A BOH', 'A NWY', 'A VIE', 'F NWG', 'A FIN', 'A TYR', 'A GRE', 'F CON', 'A BER', 'A BUD', 'A MUN', 'A SMY', 'A RUM', 'A TRI', 'F BLA', '*F AEG'], 'TURKEY': ['A VEN', 'F EAS', 'F AEG', '*F TRI']}, 'retreats': {'AUSTRIA': {}, 'ENGLAND': {}, 'FRANCE': {'F LVP': ['IRI', 'NAO']}, 'GERMANY': {}, 'ITALY': {}, 'RUSSIA': {'F AEG': ['BUL/SC']}, 'TURKEY': {'F TRI': ['ADR', 'ALB']}}, 'centers': {'AUSTRIA': [], 'ENGLAND': ['EDI', 'LON'], 'FRANCE': ['POR', 'SPA', 'LVP'], 'GERMANY': ['KIE', 'DEN', 'HOL', 'PAR', 'MAR', 'BRE', 'BEL', 'SWE'], 'ITALY': [], 'RUSSIA': ['MOS', 'SEV', 'STP', 'WAR', 'VIE', 'SER', 'BUD', 'RUM', 'NWY', 'ANK', 'BUL', 'GRE', 'CON', 'BER', 'MUN', 'SMY'], 'TURKEY': ['TUN', 'NAP', 'ROM', 'VEN', 'TRI']}, 'homes': {'AUSTRIA': ['BUD', 'TRI', 'VIE'], 'ENGLAND': ['EDI', 'LON', 'LVP'], 'FRANCE': ['BRE', 'MAR', 'PAR'], 'GERMANY': ['BER', 'KIE', 'MUN'], 'ITALY': ['NAP', 'ROM', 'VEN'], 'RUSSIA': ['MOS', 'SEV', 'STP', 'WAR'], 'TURKEY': ['ANK', 'CON', 'SMY']}, 'influence': {'AUSTRIA': [], 'ENGLAND': ['YOR', 'LON', 'IRI', 'MAO', 'NTH', 'ENG', 'WAL', 'EDI', 'CLY', 'LVP'], 'FRANCE': ['LYO', 'POR', 'NAO', 'SPA'], 'GERMANY': ['BAL', 'MAR', 'GAS', 'BRE', 'SKA', 'PIC', 'HOL', 'BEL', 'SWE', 'BUR', 'PAR', 'DEN', 'KIE', 'RUH'], 'ITALY': [], 'RUSSIA': ['MOS', 'STP', 'BOT', 'LVN', 'BOH', 'NWY', 'ANK', 'ALB', 'BAR', 'PRU', 'UKR', 'VIE', 'SYR', 'NWG', 'WAR', 'FIN', 'TYR', 'GAL', 'SIL', 'GRE', 'CON', 'BER', 'BUD', 'SEV', 'ARM', 'MUN', 'BUL', 'SMY', 'SER', 'RUM', 'TRI', 'BLA'], 'TURKEY': ['APU', 'TUN', 'NAP', 'ROM', 'PIE', 'WES', 'VEN', 'TYS', 'ION', 'ADR', 'EAS', 'AEG']}, 'civil_disorder': {'AUSTRIA': 0, 'ENGLAND': 0, 'FRANCE': 0, 'GERMANY': 0, 'ITALY': 0, 'RUSSIA': 0, 'TURKEY': 0}, 'builds': {'AUSTRIA': {'count': 0, 'homes': []}, 'ENGLAND': {'count': 0, 'homes': []}, 'FRANCE': {'count': 0, 'homes': []}, 'GERMANY': {'count': 0, 'homes': []}, 'ITALY': {'count': 0, 'homes': []}, 'RUSSIA': {'count': 0, 'homes': []}, 'TURKEY': {'count': 0, 'homes': []}}, 'game_id': 'Wtvk9s8R5yKQ-Ulr', 'map': 'standard', 'rules': ['POWER_CHOICE']}","{'AUSTRIA': [], 'ENGLAND': [], 'FRANCE': ['F LVP R IRI'], 'GERMANY': [], 'ITALY': [], 'RUSSIA': ['F AEG R BUL/SC'], 'TURKEY': ['F TRI R ALB']}","{'F LVP': [], 'F AEG': [], 'F TRI': []}",[]
F1920M,"{'timestamp': 1654638246050924, 'zobrist_hash': '2508873482047603585', 'note': '', 'name': 'F1920M', 'units': {'AUSTRIA': [], 'ENGLAND': ['F CLY', 'F LVP'], 'FRANCE': ['F POR', 'A SPA', 'F IRI'], 'GERMANY': ['A MAR', 'A GAS', 'F SKA', 'F SWE', 'A BUR', 'F DEN', 'A KIE', 'A RUH'], 'ITALY': [], 'RUSSIA': ['A BOH', 'A NWY', 'A VIE', 'F NWG', 'A FIN', 'A TYR', 'A GRE', 'F CON', 'A BER', 'A BUD', 'A MUN', 'A SMY', 'A RUM', 'A TRI', 'F BLA', 'F BUL/SC'], 'TURKEY': ['A VEN', 'F EAS', 'F AEG', 'F ALB']}, 'retreats': {'AUSTRIA': {}, 'ENGLAND': {}, 'FRANCE': {}, 'GERMANY': {}, 'ITALY': {}, 'RUSSIA': {}, 'TURKEY': {}}, 'centers': {'AUSTRIA': [], 'ENGLAND': ['EDI', 'LON'], 'FRANCE': ['POR', 'SPA', 'LVP'], 'GERMANY': ['KIE', 'DEN', 'HOL', 'PAR', 'MAR', 'BRE', 'BEL', 'SWE'], 'ITALY': [], 'RUSSIA': ['MOS', 'SEV', 'STP', 'WAR', 'VIE', 'SER', 'BUD', 'RUM', 'NWY', 'ANK', 'BUL', 'GRE', 'CON', 'BER', 'MUN', 'SMY'], 'TURKEY': ['TUN', 'NAP', 'ROM', 'VEN', 'TRI']}, 'homes': {'AUSTRIA': ['BUD', 'TRI', 'VIE'], 'ENGLAND': ['EDI', 'LON', 'LVP'], 'FRANCE': ['BRE', 'MAR', 'PAR'], 'GERMANY': ['BER', 'KIE', 'MUN'], 'ITALY': ['NAP', 'ROM', 'VEN'], 'RUSSIA': ['MOS', 'SEV', 'STP', 'WAR'], 'TURKEY': ['ANK', 'CON', 'SMY']}, 'influence': {'AUSTRIA': [], 'ENGLAND': ['YOR', 'LON', 'MAO', 'NTH', 'ENG', 'WAL', 'EDI', 'CLY', 'LVP'], 'FRANCE': ['LYO', 'POR', 'NAO', 'SPA', 'IRI'], 'GERMANY': ['BAL', 'MAR', 'GAS', 'BRE', 'SKA', 'PIC', 'HOL', 'BEL', 'SWE', 'BUR', 'PAR', 'DEN', 'KIE', 'RUH'], 'ITALY': [], 'RUSSIA': ['MOS', 'STP', 'BOT', 'LVN', 'BOH', 'NWY', 'ANK', 'BAR', 'PRU', 'UKR', 'VIE', 'SYR', 'NWG', 'WAR', 'FIN', 'TYR', 'GAL', 'SIL', 'GRE', 'CON', 'BER', 'BUD', 'SEV', 'ARM', 'MUN', 'BUL', 'SMY', 'SER', 'RUM', 'TRI', 'BLA', 'BUL/SC'], 'TURKEY': ['APU', 'TUN', 'NAP', 'ROM', 'PIE', 'WES', 'VEN', 'TYS', 'ION', 'ADR', 'EAS', 'AEG', 'ALB']}, 'civil_disorder': {'AUSTRIA': 0, 'ENGLAND': 0, 'FRANCE': 0, 'GERMANY': 0, 'ITALY': 0, 'RUSSIA': 0, 'TURKEY': 0}, 'builds': {'AUSTRIA': {'count': 0, 'homes': []}, 'ENGLAND': {'count': 0, 'homes': []}, 'FRANCE': {'count': 0, 'homes': []}, 'GERMANY': {'count': 0, 'homes': []}, 'ITALY': {'count': 0, 'homes': []}, 'RUSSIA': {'count': 0, 'homes': []}, 'TURKEY': {'count': 0, 'homes': []}}, 'game_id': 'Wtvk9s8R5yKQ-Ulr', 'map': 'standard', 'rules': ['POWER_CHOICE']}","{'AUSTRIA': [], 'ENGLAND': ['F LVP H', 'F CLY - EDI'], 'FRANCE': ['F IRI - MAO', 'F POR S A SPA', 'A SPA S F POR'], 'GERMANY': ['F DEN S F SWE', 'F SKA - NWY', 'A BUR - MUN', 'A RUH S A KIE', 'A KIE S A BUR - MUN', 'F SWE S F SKA - NWY', 'A GAS - SPA', 'A MAR S A GAS - SPA'], 'ITALY': [], 'RUSSIA': ['F NWG S A NWY', 'A NWY S A FIN - SWE', 'A FIN - SWE', 'A MUN S A BER - KIE', 'A BER - KIE', 'A BOH S A MUN', 'A TYR - VEN', 'A VIE - TYR', 'A TRI S A TYR - VEN', 'F BLA - CON', 'A RUM - SER', 'A GRE H', 'A BUD S A TRI', 'A SMY S F BLA - CON', 'F BUL/SC S A GRE', 'F CON S A SMY'], 'TURKEY': ['A VEN S F ALB - TRI', 'F AEG S F EAS - SMY', 'F ALB - TRI', 'F EAS - SMY']}","{'F CLY': [], 'F LVP': [], 'F POR': [], 'A SPA': ['cut'], 'F IRI': [], 'A MAR': [], 'A GAS': ['bounce'], 'F SKA': ['bounce'], 'F SWE': ['cut'], 'A BUR': ['bounce'], 'F DEN': [], 'A KIE': ['cut'], 'A RUH': [], 'A BOH': [], 'A NWY': ['cut'], 'A VIE': ['bounce'], 'F NWG': [], 'A FIN': ['bounce'], 'A TYR': ['bounce'], 'A GRE': [], 'F CON': [], 'A BER': ['bounce'], 'A BUD': [], 'A MUN': ['cut'], 'A SMY': ['cut'], 'A RUM': [], 'A TRI': ['cut'], 'F BLA': ['bounce'], 'F BUL/SC': [], 'A VEN': ['cut'], 'F EAS': ['bounce'], 'F AEG': [], 'F ALB': ['bounce']}","[{'sender': 'GERMANY', 'recipient': 'ENGLAND', 'time_sent': 1654638244656571, 'phase': 'F1920M', 'message': 'ORR (XDO (F CLY S F LVP)) (XDO (F LVP - CLY))'}, {'sender': 'GERMANY', 'recipient': 'FRANCE', 'time_sent': 1654638244660526, 'phase': 'F1920M', 'message': 'ORR (XDO (F IRI - WAL)) (XDO (F POR - SPA/NC)) (XDO (A SPA S A GAS))'}, {'sender': 'GERMANY', 'recipient': 'RUSSIA', 'time_sent': 1654638244679151, 'phase': 'F1920M', 'message': 'ORR (XDO (A BER S A KIE - MUN)) (XDO (F BLA S A RUM)) (XDO (A BOH S A VIE)) (XDO (A BUD S A BOH - GAL)) (XDO (F BUL/SC S A GRE)) (XDO (F CON S F AEG)) (XDO (A MUN - BOH)) (XDO (F NWG S F SKA - NWY)) (XDO (A NWY - CLY VIA)) (XDO (A RUM S A TRI - SER)) (XDO (A SMY - CON)) (XDO (A TRI S A BOH - VIE)) (XDO (A TYR S A VEN)) (XDO (A VIE S A TYR - TRI))'}, {'sender': 'GERMANY', 'recipient': 'TURKEY', 'time_sent': 1654638244684947, 'phase': 'F1920M', 'message': 'ORR (XDO (F AEG C A SMY - CON)) (XDO (F ALB H)) (XDO (F EAS S F AEG)) (XDO (A VEN S A TRI))'}]"
W1920A,"{'timestamp': 1654638247143534, 'zobrist_hash': '2385060025704190040', 'note': '', 'name': 'W1920A', 'units': {'AUSTRIA': [], 'ENGLAND': ['F LVP', 'F EDI'], 'FRANCE': ['F POR', 'A SPA', 'F MAO'], 'GERMANY': ['A MAR', 'A GAS', 'F SKA', 'F SWE', 'A BUR', 'F DEN', 'A KIE', 'A RUH'], 'ITALY': [], 'RUSSIA': ['A BOH', 'A NWY', 'A VIE', 'F NWG', 'A FIN', 'A TYR', 'A GRE', 'F CON', 'A BER', 'A BUD', 'A MUN', 'A SMY', 'A TRI', 'F BLA', 'F BUL/SC', 'A SER'], 'TURKEY': ['A VEN', 'F EAS', 'F AEG', 'F ALB']}, 'retreats': {'AUSTRIA': {}, 'ENGLAND': {}, 'FRANCE': {}, 'GERMANY': {}, 'ITALY': {}, 'RUSSIA': {}, 'TURKEY': {}}, 'centers': {'AUSTRIA': [], 'ENGLAND': ['EDI', 'LON', 'LVP'], 'FRANCE': ['POR', 'SPA'], 'GERMANY': ['KIE', 'DEN', 'HOL', 'PAR', 'MAR', 'BRE', 'BEL', 'SWE'], 'ITALY': [], 'RUSSIA': ['MOS', 'SEV', 'STP', 'WAR', 'VIE', 'SER', 'BUD', 'RUM', 'NWY', 'ANK', 'BUL', 'GRE', 'CON', 'BER', 'MUN', 'SMY', 'TRI'], 'TURKEY': ['TUN', 'NAP', 'ROM', 'VEN']}, 'homes': {'AUSTRIA': ['BUD', 'TRI', 'VIE'], 'ENGLAND': ['EDI', 'LON', 'LVP'], 'FRANCE': ['BRE', 'MAR', 'PAR'], 'GERMANY': ['BER', 'KIE', 'MUN'], 'ITALY': ['NAP', 'ROM', 'VEN'], 'RUSSIA': ['MOS', 'SEV', 'STP', 'WAR'], 'TURKEY': ['ANK', 'CON', 'SMY']}, 'influence': {'AUSTRIA': [], 'ENGLAND': ['YOR', 'LON', 'NTH', 'ENG', 'WAL', 'CLY', 'LVP', 'EDI'], 'FRANCE': ['LYO', 'POR', 'NAO', 'SPA', 'IRI', 'MAO'], 'GERMANY': ['BAL', 'MAR', 'GAS', 'BRE', 'SKA', 'PIC', 'HOL', 'BEL', 'SWE', 'BUR', 'PAR', 'DEN', 'KIE', 'RUH'], 'ITALY': [], 'RUSSIA': ['MOS', 'STP', 'BOT', 'LVN', 'BOH', 'NWY', 'ANK', 'BAR', 'PRU', 'UKR', 'VIE', 'SYR', 'NWG', 'WAR', 'FIN', 'TYR', 'GAL', 'SIL', 'GRE', 'CON', 'BER', 'BUD', 'SEV', 'ARM', 'MUN', 'BUL', 'SMY', 'RUM', 'TRI', 'BLA', 'BUL/SC', 'SER'], 'TURKEY': ['APU', 'TUN', 'NAP', 'ROM', 'PIE', 'WES', 'VEN', 'TYS', 'ION', 'ADR', 'EAS', 'AEG', 'ALB']}, 'civil_disorder': {'AUSTRIA': 0, 'ENGLAND': 0, 'FRANCE': 0, 'GERMANY': 0, 'ITALY': 0, 'RUSSIA': 0, 'TURKEY': 0}, 'builds': {'AUSTRIA': {'count': 0, 'homes': []}, 'ENGLAND': {'count': 1, 'homes': ['LON']}, 'FRANCE': {'count': -1, 'homes': []}, 'GERMANY': {'count': 0, 'homes': []}, 'ITALY': {'count': 0, 'homes': []}, 'RUSSIA': {'count': 1, 'homes': ['MOS', 'SEV', 'STP', 'WAR']}, 'TURKEY': {'count': 0, 'homes': []}}, 'game_id': 'Wtvk9s8R5yKQ-Ulr', 'map': 'standard', 'rules': ['POWER_CHOICE']}","{'AUSTRIA': [], 'ENGLAND': ['F LON B'], 'FRANCE': ['A SPA D'], 'GERMANY': [], 'ITALY': [], 'RUSSIA': ['A SEV B'], 'TURKEY': []}","{'F LON': [''], 'A SPA': [''], 'A SEV': ['']}",[]
S1921M,"{'timestamp': 1654638248837313, 'zobrist_hash': '1374174808697737885', 'note': '', 'name': 'S1921M', 'units': {'AUSTRIA': [], 'ENGLAND': ['F LVP', 'F EDI', 'F LON'], 'FRANCE': ['F POR', 'F MAO'], 'GERMANY': ['A MAR', 'A GAS', 'F SKA', 'F SWE', 'A BUR', 'F DEN', 'A KIE', 'A RUH'], 'ITALY': [], 'RUSSIA': ['A BOH', 'A NWY', 'A VIE', 'F NWG', 'A FIN', 'A TYR', 'A GRE', 'F CON', 'A BER', 'A BUD', 'A MUN', 'A SMY', 'A TRI', 'F BLA', 'F BUL/SC', 'A SER', 'A SEV'], 'TURKEY': ['A VEN', 'F EAS', 'F AEG', 'F ALB']}, 'retreats': {'AUSTRIA': {}, 'ENGLAND': {}, 'FRANCE': {}, 'GERMANY': {}, 'ITALY': {}, 'RUSSIA': {}, 'TURKEY': {}}, 'centers': {'AUSTRIA': [], 'ENGLAND': ['EDI', 'LON', 'LVP'], 'FRANCE': ['POR', 'SPA'], 'GERMANY': ['KIE', 'DEN', 'HOL', 'PAR', 'MAR', 'BRE', 'BEL', 'SWE'], 'ITALY': [], 'RUSSIA': ['MOS', 'SEV', 'STP', 'WAR', 'VIE', 'SER', 'BUD', 'RUM', 'NWY', 'ANK', 'BUL', 'GRE', 'CON', 'BER', 'MUN', 'SMY', 'TRI'], 'TURKEY': ['TUN', 'NAP', 'ROM', 'VEN']}, 'homes': {'AUSTRIA': ['BUD', 'TRI', 'VIE'], 'ENGLAND': ['EDI', 'LON', 'LVP'], 'FRANCE': ['BRE', 'MAR', 'PAR'], 'GERMANY': ['BER', 'KIE', 'MUN'], 'ITALY': ['NAP', 'ROM', 'VEN'], 'RUSSIA': ['MOS', 'SEV', 'STP', 'WAR'], 'TURKEY': ['ANK', 'CON', 'SMY']}, 'influence': {'AUSTRIA': [], 'ENGLAND': ['YOR', 'LON', 'NTH', 'ENG', 'WAL', 'CLY', 'LVP', 'EDI'], 'FRANCE': ['LYO', 'POR', 'NAO', 'SPA', 'IRI', 'MAO'], 'GERMANY': ['BAL', 'MAR', 'GAS', 'BRE', 'SKA', 'PIC', 'HOL', 'BEL', 'SWE', 'BUR', 'PAR', 'DEN', 'KIE', 'RUH'], 'ITALY': [], 'RUSSIA': ['MOS', 'STP', 'BOT', 'LVN', 'BOH', 'NWY', 'ANK', 'BAR', 'PRU', 'UKR', 'VIE', 'SYR', 'NWG', 'WAR', 'FIN', 'TYR', 'GAL', 'SIL', 'GRE', 'CON', 'BER', 'BUD', 'SEV', 'ARM', 'MUN', 'BUL', 'SMY', 'RUM', 'TRI', 'BLA', 'BUL/SC', 'SER'], 'TURKEY': ['APU', 'TUN', 'NAP', 'ROM', 'PIE', 'WES', 'VEN', 'TYS', 'ION', 'ADR', 'EAS', 'AEG', 'ALB']}, 'civil_disorder': {'AUSTRIA': 0, 'ENGLAND': 0, 'FRANCE': 0, 'GERMANY': 0, 'ITALY': 0, 'RUSSIA': 0, 'TURKEY': 0}, 'builds': {'AUSTRIA': {'count': 0, 'homes': []}, 'ENGLAND': {'count': 0, 'homes': []}, 'FRANCE': {'count': 0, 'homes': []}, 'GERMANY': {'count': 0, 'homes': []}, 'ITALY': {'count': 0, 'homes': []}, 'RUSSIA': {'count': 0, 'homes': []}, 'TURKEY': {'count': 0, 'homes': []}}, 'game_id': 'Wtvk9s8R5yKQ-Ulr', 'map': 'standard', 'rules': ['POWER_CHOICE']}","{'AUSTRIA': [], 'ENGLAND': ['F EDI S F LON - NTH', 'F LON - NTH', 'F LVP - CLY'], 'FRANCE': ['F MAO - SPA/SC', 'F POR S F MAO - SPA'], 'GERMANY': ['F DEN S F SWE', 'F SKA - NWY', 'A BUR - MUN', 'A RUH S A KIE', 'A KIE S A BUR - MUN', 'F SWE S F SKA - NWY', 'A GAS - SPA', 'A MAR S A GAS - SPA'], 'ITALY': [], 'RUSSIA': ['F NWG - NWY', 'A NWY S A FIN - SWE', 'A FIN - SWE', 'A MUN S A BER - KIE', 'A BER - KIE', 'A BOH S A MUN', 'A TYR - VEN', 'A SEV - ARM', 'A VIE - TYR', 'A TRI S A TYR - VEN', 'F BLA - CON', 'A GRE S A SER', 'A BUD S A TRI', 'A SER S A GRE', 'A SMY S F BLA - CON', 'F BUL/SC S F BLA - CON', 'F CON - AEG'], 'TURKEY': ['A VEN S F ALB - TRI', 'F AEG - ION', 'F ALB - TRI', 'F EAS - SMY']}","{'F LVP': [], 'F EDI': [], 'F LON': [], 'F POR': [], 'F MAO': ['bounce'], 'A MAR': [], 'A GAS': ['bounce'], 'F SKA': ['bounce'], 'F SWE': ['cut'], 'A BUR': ['bounce'], 'F DEN': [], 'A KIE': ['cut'], 'A RUH': [], 'A BOH': [], 'A NWY': ['cut'], 'A VIE': ['bounce'], 'F NWG': ['bounce'], 'A FIN': ['bounce'], 'A TYR': ['bounce'], 'A GRE': [], 'F CON': [], 'A BER': ['bounce'], 'A BUD': [], 'A MUN': ['cut'], 'A SMY': ['cut'], 'A TRI': ['cut'], 'F BLA': [], 'F BUL/SC': [], 'A SER': [], 'A SEV': [], 'A VEN': ['cut'], 'F EAS': ['bounce'], 'F AEG': [], 'F ALB': ['bounce']}","[{'sender': 'GERMANY', 'recipient': 'ENGLAND', 'time_sent': 1654638247451860, 'phase': 'S1921M', 'message': 'ORR (XDO (F EDI S F NWG - NTH)) (XDO (F LON - NTH)) (XDO (F LVP - CLY))'}, {'sender': 'GERMANY', 'recipient': 'FRANCE', 'time_sent': 1654638247455828, 'phase': 'S1921M', 'message': 'ORR (XDO (F MAO - POR)) (XDO (F POR - SPA/NC))'}, {'sender': 'GERMANY', 'recipient': 'RUSSIA', 'time_sent': 1654638247468956, 'phase': 'S1921M', 'message': 'ORR (XDO (F BLA S A SMY - ARM)) (XDO (A BOH H)) (XDO (A BUD - TRI)) (XDO (F BUL/SC S F ALB - GRE)) (XDO (F CON - SMY)) (XDO (A FIN S A NWY - STP)) (XDO (A GRE S F CON - BUL)) (XDO (A MUN S A BER)) (XDO (F NWG S F SWE - NWY)) (XDO (A NWY S F SWE - FIN)) (XDO (A SER S F ALB)) (XDO (A SEV S A BUD - RUM)) (XDO (A SMY S F EAS - SYR)) (XDO (A TRI - VEN)) (XDO (A TYR S A VIE - TRI)) (XDO (A VIE S A BOH - TYR))'}, {'sender': 'GERMANY', 'recipient': 'TURKEY', 'time_sent': 1654638247474095, 'phase': 'S1921M', 'message': 'ORR (XDO (F AEG C A GRE - CON)) (XDO (F ALB S A VIE - TRI)) (XDO (F EAS S F AEG)) (XDO (A VEN S A TRI))'}]"
F1921M,"{'timestamp': 1654638250540451, 'zobrist_hash': '3672668255267564736', 'note': '', 'name': 'F1921M', 'units': {'AUSTRIA': [], 'ENGLAND': ['F EDI', 'F CLY', 'F NTH'], 'FRANCE': ['F POR', 'F MAO'], 'GERMANY': ['A MAR', 'A GAS', 'F SKA', 'F SWE', 'A BUR', 'F DEN', 'A KIE', 'A RUH'], 'ITALY': [], 'RUSSIA': ['A BOH', 'A NWY', 'A VIE', 'F NWG', 'A FIN', 'A TYR', 'A GRE', 'A BER', 'A BUD', 'A MUN', 'A SMY', 'A TRI', 'F BUL/SC', 'A SER', 'F AEG', 'F CON', 'A ARM'], 'TURKEY': ['A VEN', 'F EAS', 'F ALB', 'F ION']}, 'retreats': {'AUSTRIA': {}, 'ENGLAND': {}, 'FRANCE': {}, 'GERMANY': {}, 'ITALY': {}, 'RUSSIA': {}, 'TURKEY': {}}, 'centers': {'AUSTRIA': [], 'ENGLAND': ['EDI', 'LON', 'LVP'], 'FRANCE': ['POR', 'SPA'], 'GERMANY': ['KIE', 'DEN', 'HOL', 'PAR', 'MAR', 'BRE', 'BEL', 'SWE'], 'ITALY': [], 'RUSSIA': ['MOS', 'SEV', 'STP', 'WAR', 'VIE', 'SER', 'BUD', 'RUM', 'NWY', 'ANK', 'BUL', 'GRE', 'CON', 'BER', 'MUN', 'SMY', 'TRI'], 'TURKEY': ['TUN', 'NAP', 'ROM', 'VEN']}, 'homes': {'AUSTRIA': ['BUD', 'TRI', 'VIE'], 'ENGLAND': ['EDI', 'LON', 'LVP'], 'FRANCE': ['BRE', 'MAR', 'PAR'], 'GERMANY': ['BER', 'KIE', 'MUN'], 'ITALY': ['NAP', 'ROM', 'VEN'], 'RUSSIA': ['MOS', 'SEV', 'STP', 'WAR'], 'TURKEY': ['ANK', 'CON', 'SMY']}, 'influence': {'AUSTRIA': [], 'ENGLAND': ['YOR', 'LON', 'ENG', 'WAL', 'LVP', 'EDI', 'CLY', 'NTH'], 'FRANCE': ['LYO', 'POR', 'NAO', 'SPA', 'IRI', 'MAO'], 'GERMANY': ['BAL', 'MAR', 'GAS', 'BRE', 'SKA', 'PIC', 'HOL', 'BEL', 'SWE', 'BUR', 'PAR', 'DEN', 'KIE', 'RUH'], 'ITALY': [], 'RUSSIA': ['MOS', 'STP', 'BOT', 'LVN', 'BOH', 'NWY', 'ANK', 'BAR', 'PRU', 'UKR', 'VIE', 'SYR', 'NWG', 'WAR', 'FIN', 'TYR', 'GAL', 'SIL', 'GRE', 'BER', 'BUD', 'SEV', 'MUN', 'BUL', 'SMY', 'RUM', 'TRI', 'BLA', 'BUL/SC', 'SER', 'AEG', 'CON', 'ARM'], 'TURKEY': ['APU', 'TUN', 'NAP', 'ROM', 'PIE', 'WES', 'VEN', 'TYS', 'ADR', 'EAS', 'ALB', 'ION']}, 'civil_disorder': {'AUSTRIA': 0, 'ENGLAND': 0, 'FRANCE': 0, 'GERMANY': 0, 'ITALY': 0, 'RUSSIA': 0, 'TURKEY': 0}, 'builds': {'AUSTRIA': {'count': 0, 'homes': []}, 'ENGLAND': {'count': 0, 'homes': []}, 'FRANCE': {'count': 0, 'homes': []}, 'GERMANY': {'count': 0, 'homes': []}, 'ITALY': {'count': 0, 'homes': []}, 'RUSSIA': {'count': 0, 'homes': []}, 'TURKEY': {'count': 0, 'homes': []}}, 'game_id': 'Wtvk9s8R5yKQ-Ulr', 'map': 'standard', 'rules': ['POWER_CHOICE']}","{'AUSTRIA': [], 'ENGLAND': ['F EDI - NWG', 'F NTH - BEL', 'F CLY - NWG'], 'FRANCE': ['F MAO - SPA/SC', 'F POR S F MAO - SPA'], 'GERMANY': ['F DEN S F SWE', 'F SKA - NWY', 'A BUR - MUN', 'A RUH S A KIE', 'A KIE S A BUR - MUN', 'F SWE S F SKA - NWY', 'A GAS - SPA', 'A MAR S A GAS - SPA'], 'ITALY': [], 'RUSSIA': ['F NWG S A NWY', 'A NWY S A FIN - SWE', 'A FIN - SWE', 'A MUN S A BER - KIE', 'A BER - KIE', 'A BOH S A MUN', 'A TYR - VEN', 'A VIE - TYR', 'A TRI S A TYR - VEN', 'A ARM - SYR', 'F AEG - EAS', 'A GRE S A SER', 'A BUD S A TRI', 'A SER S A BUD', 'A SMY S A ARM - SYR', 'F BUL/SC S F CON - AEG', 'F CON - AEG'], 'TURKEY': ['F ION - ADR', 'A VEN S F ALB - TRI', 'F ALB - TRI', 'F EAS S A ARM - SMY']}","{'F EDI': ['bounce'], 'F CLY': ['bounce'], 'F NTH': [], 'F POR': [], 'F MAO': ['bounce'], 'A MAR': [], 'A GAS': ['bounce'], 'F SKA': ['bounce'], 'F SWE': ['cut'], 'A BUR': ['bounce'], 'F DEN': [], 'A KIE': ['cut'], 'A RUH': [], 'A BOH': [], 'A NWY': ['cut'], 'A VIE': ['bounce'], 'F NWG': ['cut'], 'A FIN': ['bounce'], 'A TYR': ['bounce'], 'A GRE': [], 'A BER': ['bounce'], 'A BUD': [], 'A MUN': ['cut'], 'A SMY': [], 'A TRI': ['cut'], 'F BUL/SC': ['void'], 'A SER': [], 'F AEG': ['bounce'], 'F CON': ['bounce'], 'A ARM': [], 'A VEN': ['cut'], 'F EAS': ['void'], 'F ALB': ['bounce'], 'F ION': []}","[{'sender': 'GERMANY', 'recipient': 'ENGLAND', 'time_sent': 1654638249149915, 'phase': 'F1921M', 'message': 'ORR (XDO (F CLY S F NTH - EDI)) (XDO (F EDI S A NWY - CLY)) (XDO (F NTH S F SWE - SKA))'}, {'sender': 'GERMANY', 'recipient': 'FRANCE', 'time_sent': 1654638249154390, 'phase': 'F1921M', 'message': 'ORR (XDO (F MAO - POR)) (XDO (F POR - SPA/NC))'}, {'sender': 'GERMANY', 'recipient': 'RUSSIA', 'time_sent': 1654638249168505, 'phase': 'F1921M', 'message': 'ORR (XDO (F AEG S F BUL/SC - GRE)) (XDO (A BER S A KIE - MUN)) (XDO (A BOH S A VIE)) (XDO (A BUD S A TRI - VIE)) (XDO (F BUL/SC S F ALB - GRE)) (XDO (F CON S A SMY - BUL)) (XDO (A FIN S A NWY - STP)) (XDO (A GRE - ALB VIA)) (XDO (A MUN S A BER)) (XDO (F NWG S F SWE - NWY)) (XDO (A NWY - SWE)) (XDO (A SER S F ALB)) (XDO (A SMY - TUN VIA)) (XDO (A TRI S A VEN)) (XDO (A TYR S A VIE - TRI)) (XDO (A VIE S A BOH - TYR))'}, {'sender': 'GERMANY', 'recipient': 'TURKEY', 'time_sent': 1654638249174239, 'phase': 'F1921M', 'message': 'ORR (XDO (F ALB S A SER - TRI)) (XDO (F EAS - SMY)) (XDO (F ION C A GRE - ALB)) (XDO (A VEN S A MUN - TYR))'}]"
W1921A,"{'timestamp': 1654638251362548, 'zobrist_hash': '503999349082082162', 'note': '', 'name': 'W1921A', 'units': {'AUSTRIA': [], 'ENGLAND': ['F EDI', 'F CLY', 'F BEL'], 'FRANCE': ['F POR', 'F MAO'], 'GERMANY': ['A MAR', 'A GAS', 'F SKA', 'F SWE', 'A BUR', 'F DEN', 'A KIE', 'A RUH'], 'ITALY': [], 'RUSSIA': ['A BOH', 'A NWY', 'A VIE', 'F NWG', 'A FIN', 'A TYR', 'A GRE', 'A BER', 'A BUD', 'A MUN', 'A SMY', 'A TRI', 'F BUL/SC', 'A SER', 'F AEG', 'F CON', 'A SYR'], 'TURKEY': ['A VEN', 'F EAS', 'F ALB', 'F ADR']}, 'retreats': {'AUSTRIA': {}, 'ENGLAND': {}, 'FRANCE': {}, 'GERMANY': {}, 'ITALY': {}, 'RUSSIA': {}, 'TURKEY': {}}, 'centers': {'AUSTRIA': [], 'ENGLAND': ['EDI', 'LON', 'LVP', 'BEL'], 'FRANCE': ['POR', 'SPA'], 'GERMANY': ['KIE', 'DEN', 'HOL', 'PAR', 'MAR', 'BRE', 'SWE'], 'ITALY': [], 'RUSSIA': ['MOS', 'SEV', 'STP', 'WAR', 'VIE', 'SER', 'BUD', 'RUM', 'NWY', 'ANK', 'BUL', 'GRE', 'CON', 'BER', 'MUN', 'SMY', 'TRI'], 'TURKEY': ['TUN', 'NAP', 'ROM', 'VEN']}, 'homes': {'AUSTRIA': ['BUD', 'TRI', 'VIE'], 'ENGLAND': ['EDI', 'LON', 'LVP'], 'FRANCE': ['BRE', 'MAR', 'PAR'], 'GERMANY': ['BER', 'KIE', 'MUN'], 'ITALY': ['NAP', 'ROM', 'VEN'], 'RUSSIA': ['MOS', 'SEV', 'STP', 'WAR'], 'TURKEY': ['ANK', 'CON', 'SMY']}, 'influence': {'AUSTRIA': [], 'ENGLAND': ['YOR', 'LON', 'ENG', 'WAL', 'LVP', 'EDI', 'CLY', 'NTH', 'BEL'], 'FRANCE': ['LYO', 'POR', 'NAO', 'SPA', 'IRI', 'MAO'], 'GERMANY': ['BAL', 'MAR', 'GAS', 'BRE', 'SKA', 'PIC', 'HOL', 'SWE', 'BUR', 'PAR', 'DEN', 'KIE', 'RUH'], 'ITALY': [], 'RUSSIA': ['MOS', 'STP', 'BOT', 'LVN', 'BOH', 'NWY', 'ANK', 'BAR', 'PRU', 'UKR', 'VIE', 'NWG', 'WAR', 'FIN', 'TYR', 'GAL', 'SIL', 'GRE', 'BER', 'BUD', 'SEV', 'MUN', 'BUL', 'SMY', 'RUM', 'TRI', 'BLA', 'BUL/SC', 'SER', 'AEG', 'CON', 'ARM', 'SYR'], 'TURKEY': ['APU', 'TUN', 'NAP', 'ROM', 'PIE', 'WES', 'VEN', 'TYS', 'EAS', 'ALB', 'ION', 'ADR']}, 'civil_disorder': {'AUSTRIA': 0, 'ENGLAND': 0, 'FRANCE': 0, 'GERMANY': 0, 'ITALY': 0, 'RUSSIA': 0, 'TURKEY': 0}, 'builds': {'AUSTRIA': {'count': 0, 'homes': []}, 'ENGLAND': {'count': 1, 'homes': ['LON', 'LVP']}, 'FRANCE': {'count': 0, 'homes': []}, 'GERMANY': {'count': -1, 'homes': []}, 'ITALY': {'count': 0, 'homes': []}, 'RUSSIA': {'count': 0, 'homes': []}, 'TURKEY': {'count': 0, 'homes': []}}, 'game_id': 'Wtvk9s8R5yKQ-Ulr', 'map': 'standard', 'rules': ['POWER_CHOICE']}","{'AUSTRIA': [], 'ENGLAND': ['F LON B'], 'FRANCE': [], 'GERMANY': ['F SKA D'], 'ITALY': [], 'RUSSIA': [], 'TURKEY': []}","{'F LON': [''], 'F SKA': ['']}",[]
S1922M,"{'timestamp': 1654638253058881, 'zobrist_hash': '3784324854884723615', 'note': '', 'name': 'S1922M', 'units': {'AUSTRIA': [], 'ENGLAND': ['F EDI', 'F CLY', 'F BEL', 'F LON'], 'FRANCE': ['F POR', 'F MAO'], 'GERMANY': ['A MAR', 'A GAS', 'F SWE', 'A BUR', 'F DEN', 'A KIE', 'A RUH'], 'ITALY': [], 'RUSSIA': ['A BOH', 'A NWY', 'A VIE', 'F NWG', 'A FIN', 'A TYR', 'A GRE', 'A BER', 'A BUD', 'A MUN', 'A SMY', 'A TRI', 'F BUL/SC', 'A SER', 'F AEG', 'F CON', 'A SYR'], 'TURKEY': ['A VEN', 'F EAS', 'F ALB', 'F ADR']}, 'retreats': {'AUSTRIA': {}, 'ENGLAND': {}, 'FRANCE': {}, 'GERMANY': {}, 'ITALY': {}, 'RUSSIA': {}, 'TURKEY': {}}, 'centers': {'AUSTRIA': [], 'ENGLAND': ['EDI', 'LON', 'LVP', 'BEL'], 'FRANCE': ['POR', 'SPA'], 'GERMANY': ['KIE', 'DEN', 'HOL', 'PAR', 'MAR', 'BRE', 'SWE'], 'ITALY': [], 'RUSSIA': ['MOS', 'SEV', 'STP', 'WAR', 'VIE', 'SER', 'BUD', 'RUM', 'NWY', 'ANK', 'BUL', 'GRE', 'CON', 'BER', 'MUN', 'SMY', 'TRI'], 'TURKEY': ['TUN', 'NAP', 'ROM', 'VEN']}, 'homes': {'AUSTRIA': ['BUD', 'TRI', 'VIE'], 'ENGLAND': ['EDI', 'LON', 'LVP'], 'FRANCE': ['BRE', 'MAR', 'PAR'], 'GERMANY': ['BER', 'KIE', 'MUN'], 'ITALY': ['NAP', 'ROM', 'VEN'], 'RUSSIA': ['MOS', 'SEV', 'STP', 'WAR'], 'TURKEY': ['ANK', 'CON', 'SMY']}, 'influence': {'AUSTRIA': [], 'ENGLAND': ['YOR', 'LON', 'ENG', 'WAL', 'LVP', 'EDI', 'CLY', 'NTH', 'BEL'], 'FRANCE': ['LYO', 'POR', 'NAO', 'SPA', 'IRI', 'MAO'], 'GERMANY': ['BAL', 'MAR', 'GAS', 'BRE', 'SKA', 'PIC', 'HOL', 'SWE', 'BUR', 'PAR', 'DEN', 'KIE', 'RUH'], 'ITALY': [], 'RUSSIA': ['MOS', 'STP', 'BOT', 'LVN', 'BOH', 'NWY', 'ANK', 'BAR', 'PRU', 'UKR', 'VIE', 'NWG', 'WAR', 'FIN', 'TYR', 'GAL', 'SIL', 'GRE', 'BER', 'BUD', 'SEV', 'MUN', 'BUL', 'SMY', 'RUM', 'TRI', 'BLA', 'BUL/SC', 'SER', 'AEG', 'CON', 'ARM', 'SYR'], 'TURKEY': ['APU', 'TUN', 'NAP', 'ROM', 'PIE', 'WES', 'VEN', 'TYS', 'EAS', 'ALB', 'ION', 'ADR']}, 'civil_disorder': {'AUSTRIA': 0, 'ENGLAND': 0, 'FRANCE': 0, 'GERMANY': 0, 'ITALY': 0, 'RUSSIA': 0, 'TURKEY': 0}, 'builds': {'AUSTRIA': {'count': 0, 'homes': []}, 'ENGLAND': {'count': 0, 'homes': []}, 'FRANCE': {'count': 0, 'homes': []}, 'GERMANY': {'count': 0, 'homes': []}, 'ITALY': {'count': 0, 'homes': []}, 'RUSSIA': {'count': 0, 'homes': []}, 'TURKEY': {'count': 0, 'homes': []}}, 'game_id': 'Wtvk9s8R5yKQ-Ulr', 'map': 'standard', 'rules': ['POWER_CHOICE']}","{'AUSTRIA': [], 'ENGLAND': ['F EDI S F LON - NTH', 'F LON - NTH', 'F CLY - NWG', 'F BEL - HOL'], 'FRANCE': ['F MAO - SPA/SC', 'F POR S F MAO - SPA'], 'GERMANY': ['F DEN S F SWE', 'A BUR - MUN', 'A RUH S A KIE', 'A KIE S A BUR - MUN', 'F SWE S F DEN', 'A GAS - SPA', 'A MAR S A GAS - SPA'], 'ITALY': [], 'RUSSIA': ['F NWG - NTH', 'A NWY S A FIN - SWE', 'A FIN - SWE', 'A MUN S A BER - KIE', 'A BER - KIE', 'A BOH S A MUN', 'A TYR - VEN', 'A VIE - TYR', 'A TRI S A TYR - VEN', 'F AEG - ION', 'A GRE - ALB', 'A BUD S A TRI', 'A SER S A GRE - ALB', 'A SMY - CON', 'A SYR - ARM', 'F BUL/SC - AEG', 'F CON - AEG'], 'TURKEY': ['A VEN S F ADR - TRI', 'F ADR - TRI', 'F ALB S F ADR - TRI', 'F EAS - ION']}","{'F EDI': [], 'F CLY': ['bounce'], 'F BEL': [], 'F LON': [], 'F POR': [], 'F MAO': ['bounce'], 'A MAR': [], 'A GAS': ['bounce'], 'F SWE': ['cut'], 'A BUR': ['bounce'], 'F DEN': [], 'A KIE': ['cut'], 'A RUH': [], 'A BOH': [], 'A NWY': [], 'A VIE': ['bounce'], 'F NWG': ['bounce'], 'A FIN': ['bounce'], 'A TYR': ['bounce'], 'A GRE': [], 'A BER': ['bounce'], 'A BUD': [], 'A MUN': ['cut'], 'A SMY': ['bounce'], 'A TRI': ['cut'], 'F BUL/SC': ['bounce'], 'A SER': [], 'F AEG': ['bounce'], 'F CON': ['bounce'], 'A SYR': [], 'A VEN': ['cut'], 'F EAS': ['bounce'], 'F ALB': ['cut', 'dislodged'], 'F ADR': ['bounce']}","[{'sender': 'GERMANY', 'recipient': 'ENGLAND', 'time_sent': 1654638251674127, 'phase': 'S1922M', 'message': 'ORR (XDO (F BEL - PIC)) (XDO (F EDI S F NWG - NTH)) (XDO (F LON S F MAO - ENG))'}, {'sender': 'GERMANY', 'recipient': 'FRANCE', 'time_sent': 1654638251677629, 'phase': 'S1922M', 'message': 'ORR (XDO (F MAO - POR)) (XDO (F POR S F MAO - SPA/SC))'}, {'sender': 'GERMANY', 'recipient': 'RUSSIA', 'time_sent': 1654638251690811, 'phase': 'S1922M', 'message': 'ORR (XDO (F AEG S F ADR - ION)) (XDO (A BOH - GAL)) (XDO (A BUD S A TRI - VIE)) (XDO (F BUL/SC S F ALB - GRE)) (XDO (F CON S A SMY - BUL)) (XDO (A FIN S A NWY - STP)) (XDO (A GRE S A SYR - BUL)) (XDO (A MUN S A BUR)) (XDO (F NWG - BAR)) (XDO (A NWY S F SWE - FIN)) (XDO (A SER S F ALB)) (XDO (A SMY S A SYR - ARM)) (XDO (A SYR S F AEG - SMY)) (XDO (A TRI S A VEN)) (XDO (A TYR S A VIE - TRI)) (XDO (A VIE S A BOH - TYR))'}, {'sender': 'GERMANY', 'recipient': 'TURKEY', 'time_sent': 1654638251696518, 'phase': 'S1922M', 'message': 'ORR (XDO (F ADR S A TRI - VEN)) (XDO (F ALB S A SER - TRI)) (XDO (F EAS - SMY)) (XDO (A VEN S A TRI))'}]"
F1922M,"{'timestamp': 1654638254754915, 'zobrist_hash': '3890584774624540628', 'note': '', 'name': 'F1922M', 'units': {'AUSTRIA': [], 'ENGLAND': ['F EDI', 'F CLY', 'F HOL', 'F NTH'], 'FRANCE': ['F POR', 'F MAO'], 'GERMANY': ['A MAR', 'A GAS', 'F SWE', 'A BUR', 'F DEN', 'A KIE', 'A RUH'], 'ITALY': [], 'RUSSIA': ['A BOH', 'A NWY', 'A VIE', 'F NWG', 'A FIN', 'A TYR', 'A BER', 'A BUD', 'A MUN', 'A SMY', 'A TRI', 'F BUL/SC', 'A SER', 'F AEG', 'F CON', 'A ALB', 'A ARM'], 'TURKEY': ['A VEN', 'F EAS', 'F ADR']}, 'retreats': {'AUSTRIA': {}, 'ENGLAND': {}, 'FRANCE': {}, 'GERMANY': {}, 'ITALY': {}, 'RUSSIA': {}, 'TURKEY': {}}, 'centers': {'AUSTRIA': [], 'ENGLAND': ['EDI', 'LON', 'LVP', 'BEL'], 'FRANCE': ['POR', 'SPA'], 'GERMANY': ['KIE', 'DEN', 'HOL', 'PAR', 'MAR', 'BRE', 'SWE'], 'ITALY': [], 'RUSSIA': ['MOS', 'SEV', 'STP', 'WAR', 'VIE', 'SER', 'BUD', 'RUM', 'NWY', 'ANK', 'BUL', 'GRE', 'CON', 'BER', 'MUN', 'SMY', 'TRI'], 'TURKEY': ['TUN', 'NAP', 'ROM', 'VEN']}, 'homes': {'AUSTRIA': ['BUD', 'TRI', 'VIE'], 'ENGLAND': ['EDI', 'LON', 'LVP'], 'FRANCE': ['BRE', 'MAR', 'PAR'], 'GERMANY': ['BER', 'KIE', 'MUN'], 'ITALY': ['NAP', 'ROM', 'VEN'], 'RUSSIA': ['MOS', 'SEV', 'STP', 'WAR'], 'TURKEY': ['ANK', 'CON', 'SMY']}, 'influence': {'AUSTRIA': [], 'ENGLAND': ['YOR', 'LON', 'ENG', 'WAL', 'LVP', 'EDI', 'CLY', 'BEL', 'HOL', 'NTH'], 'FRANCE': ['LYO', 'POR', 'NAO', 'SPA', 'IRI', 'MAO'], 'GERMANY': ['BAL', 'MAR', 'GAS', 'BRE', 'SKA', 'PIC', 'SWE', 'BUR', 'PAR', 'DEN', 'KIE', 'RUH'], 'ITALY': [], 'RUSSIA': ['MOS', 'STP', 'BOT', 'LVN', 'BOH', 'NWY', 'ANK', 'BAR', 'PRU', 'UKR', 'VIE', 'NWG', 'WAR', 'FIN', 'TYR', 'GAL', 'SIL', 'GRE', 'BER', 'BUD', 'SEV', 'MUN', 'BUL', 'SMY', 'RUM', 'TRI', 'BLA', 'BUL/SC', 'SER', 'AEG', 'CON', 'SYR', 'ALB', 'ARM'], 'TURKEY': ['APU', 'TUN', 'NAP', 'ROM', 'PIE', 'WES', 'VEN', 'TYS', 'EAS', 'ION', 'ADR']}, 'civil_disorder': {'AUSTRIA': 0, 'ENGLAND': 0, 'FRANCE': 0, 'GERMANY': 0, 'ITALY': 0, 'RUSSIA': 0, 'TURKEY': 0}, 'builds': {'AUSTRIA': {'count': 0, 'homes': []}, 'ENGLAND': {'count': 0, 'homes': []}, 'FRANCE': {'count': 0, 'homes': []}, 'GERMANY': {'count': 0, 'homes': []}, 'ITALY': {'count': 0, 'homes': []}, 'RUSSIA': {'count': 0, 'homes': []}, 'TURKEY': {'count': 0, 'homes': []}}, 'game_id': 'Wtvk9s8R5yKQ-Ulr', 'map': 'standard', 'rules': ['POWER_CHOICE']}","{'AUSTRIA': [], 'ENGLAND': ['F EDI - NWG', 'F NTH - BEL', 'F CLY - NWG', 'F HOL S F NTH - BEL'], 'FRANCE': ['F MAO - BRE', 'F POR - SPA/SC'], 'GERMANY': ['F DEN S F SWE', 'A BUR - BEL', 'A RUH - HOL', 'A KIE S A RUH - HOL', 'F SWE S A NWY', 'A GAS - SPA', 'A MAR S A GAS - SPA'], 'ITALY': [], 'RUSSIA': ['F NWG - NWY', 'A NWY S A FIN - SWE', 'A FIN - SWE', 'A MUN S A BER - KIE', 'A BER - KIE', 'A BOH S A MUN', 'A TYR - VEN', 'A VIE - TYR', 'A TRI S A TYR - VEN', 'A ARM - SEV', 'F AEG S F BUL/SC - GRE', 'A ALB - GRE', 'A BUD S A TRI', 'A SER S A ALB - GRE', 'A SMY H', 'F BUL/SC - GRE', 'F CON - AEG'], 'TURKEY': ['A VEN S F ADR - TRI', 'F ADR - TRI', 'F EAS - SMY']}","{'F EDI': ['bounce'], 'F CLY': ['bounce'], 'F HOL': ['cut'], 'F NTH': ['bounce'], 'F POR': ['bounce'], 'F MAO': [], 'A MAR': [], 'A GAS': [], 'F SWE': ['cut'], 'A BUR': ['bounce'], 'F DEN': [], 'A KIE': ['cut', 'dislodged'], 'A RUH': ['bounce'], 'A BOH': [], 'A NWY': [], 'A VIE': ['bounce'], 'F NWG': ['bounce'], 'A FIN': ['bounce'], 'A TYR': ['bounce'], 'A BER': [], 'A BUD': [], 'A MUN': [], 'A SMY': [], 'A TRI': ['cut'], 'F BUL/SC': ['bounce'], 'A SER': [], 'F AEG': [], 'F CON': ['bounce'], 'A ALB': ['bounce'], 'A ARM': [], 'A VEN': ['cut'], 'F EAS': ['bounce'], 'F ADR': ['bounce']}","[{'sender': 'GERMANY', 'recipient': 'ENGLAND', 'time_sent': 1654638253371033, 'phase': 'F1922M', 'message': 'ORR (XDO (F CLY - EDI)) (XDO (F EDI S F NWG - NTH)) (XDO (F HOL S F NTH)) (XDO (F NTH S A KIE - DEN))'}, {'sender': 'GERMANY', 'recipient': 'FRANCE', 'time_sent': 1654638253375024, 'phase': 'F1922M', 'message': 'ORR (XDO (F MAO - POR)) (XDO (F POR - SPA/NC))'}, {'sender': 'GERMANY', 'recipient': 'RUSSIA', 'time_sent': 1654638253386869, 'phase': 'F1922M', 'message': 'ORR (XDO (F AEG S F ADR - ION)) (XDO (A ALB S A TRI)) (XDO (A ARM S F AEG - SMY)) (XDO (A BER S A RUH - MUN)) (XDO (A BOH - GAL)) (XDO (A BUD S A TYR - VIE)) (XDO (F BUL/SC S F EAS - AEG)) (XDO (F CON - SMY)) (XDO (A FIN S F NWG - NWY)) (XDO (A MUN S A BER)) (XDO (F NWG S F SWE - NWY)) (XDO (A NWY - BEL VIA)) (XDO (A SER S A VEN - ALB)) (XDO (A SMY S F CON - ANK)) (XDO (A TRI - VEN VIA)) (XDO (A TYR S A VIE - TRI)) (XDO (A VIE S A BOH - TYR))'}, {'sender': 'GERMANY', 'recipient': 'TURKEY', 'time_sent': 1654638253391964, 'phase': 'F1922M', 'message': 'ORR (XDO (F ADR S A TRI - VEN)) (XDO (F EAS S F AEG)) (XDO (A VEN S A MUN - TYR))'}]"
COMPLETED,"{'timestamp': 1654638254766878, 'zobrist_hash': '6903275634506277794', 'note': 'Victory by: RUS', 'name': 'COMPLETED', 'units': {'AUSTRIA': [], 'ENGLAND': ['F EDI', 'F CLY', 'F HOL', 'F NTH'], 'FRANCE': ['F POR', 'F BRE'], 'GERMANY': ['A MAR', 'F SWE', 'A BUR', 'F DEN', 'A RUH', 'A SPA'], 'ITALY': [], 'RUSSIA': ['A BOH', 'A NWY', 'A VIE', 'F NWG', 'A FIN', 'A TYR', 'A BUD', 'A MUN', 'A SMY', 'A TRI', 'F BUL/SC', 'A SER', 'F AEG', 'F CON', 'A ALB', 'A KIE', 'A SEV'], 'TURKEY': ['A VEN', 'F EAS', 'F ADR']}, 'retreats': {'AUSTRIA': {}, 'ENGLAND': {}, 'FRANCE': {}, 'GERMANY': {}, 'ITALY': {}, 'RUSSIA': {}, 'TURKEY': {}}, 'centers': {'AUSTRIA': [], 'ENGLAND': ['EDI', 'LON', 'LVP', 'BEL', 'HOL'], 'FRANCE': ['POR', 'BRE'], 'GERMANY': ['DEN', 'PAR', 'MAR', 'SWE', 'SPA'], 'ITALY': [], 'RUSSIA': ['MOS', 'SEV', 'STP', 'WAR', 'VIE', 'SER', 'BUD', 'RUM', 'NWY', 'ANK', 'BUL', 'GRE', 'CON', 'BER', 'MUN', 'SMY', 'TRI', 'KIE'], 'TURKEY': ['TUN', 'NAP', 'ROM', 'VEN']}, 'homes': {'AUSTRIA': ['BUD', 'TRI', 'VIE'], 'ENGLAND': ['EDI', 'LON', 'LVP'], 'FRANCE': ['BRE', 'MAR', 'PAR'], 'GERMANY': ['BER', 'KIE', 'MUN'], 'ITALY': ['NAP', 'ROM', 'VEN'], 'RUSSIA': ['MOS', 'SEV', 'STP', 'WAR'], 'TURKEY': ['ANK', 'CON', 'SMY']}, 'influence': {'AUSTRIA': [], 'ENGLAND': ['YOR', 'LON', 'ENG', 'WAL', 'LVP', 'EDI', 'CLY', 'BEL', 'HOL', 'NTH'], 'FRANCE': ['LYO', 'POR', 'NAO', 'IRI', 'MAO', 'BRE'], 'GERMANY': ['BAL', 'MAR', 'GAS', 'SKA', 'PIC', 'SWE', 'BUR', 'PAR', 'DEN', 'RUH', 'SPA'], 'ITALY': [], 'RUSSIA': ['MOS', 'STP', 'BOT', 'LVN', 'BOH', 'NWY', 'ANK', 'BAR', 'PRU', 'UKR', 'VIE', 'NWG', 'WAR', 'FIN', 'TYR', 'GAL', 'SIL', 'GRE', 'BER', 'BUD', 'MUN', 'BUL', 'SMY', 'RUM', 'TRI', 'BLA', 'BUL/SC', 'SER', 'AEG', 'CON', 'SYR', 'ALB', 'ARM', 'KIE', 'SEV'], 'TURKEY': ['APU', 'TUN', 'NAP', 'ROM', 'PIE', 'WES', 'VEN', 'TYS', 'EAS', 'ION', 'ADR']}, 'civil_disorder': {'AUSTRIA': 0, 'ENGLAND': 0, 'FRANCE': 0, 'GERMANY': 0, 'ITALY': 0, 'RUSSIA': 0, 'TURKEY': 0}, 'builds': {'AUSTRIA': {'count': 0, 'homes': []}, 'ENGLAND': {'count': 1, 'homes': ['LON', 'LVP']}, 'FRANCE': {'count': 0, 'homes': []}, 'GERMANY': {'count': -1, 'homes': []}, 'ITALY': {'count': 0, 'homes': []}, 'RUSSIA': {'count': 1, 'homes': ['MOS', 'STP', 'WAR']}, 'TURKEY': {'count': 0, 'homes': []}}, 'game_id': 'Wtvk9s8R5yKQ-Ulr', 'map': 'standard', 'rules': ['POWER_CHOICE']}","{'AUSTRIA': [], 'ENGLAND': None, 'FRANCE': None, 'GERMANY': None, 'ITALY': [], 'RUSSIA': None, 'TURKEY': None}",{},[]
